900 4 8
33 36 92
129 38 169
129 35 111
65 27 106
289 48 366
161 44 14
289 14 317
97 44 351
161 8 450
193 32 222
193 12 182
33 49 497
161 14 373
225 26 261
65 38 47
225 32 228
97 29 437
65 33 197
257 30 198
97 48 95
193 22 341
97 44 6
97 41 434
257 49 285
33 50 448
33 18 427
97 20 177
193 35 448
289 38 161
33 2 93
129 35 264
257 19 280
257 15 110
257 39 184
257 1 115
257 39 158
161 24 51
257 7 453
65 47 488
161 38 366
257 46 28
161 46 124
97 48 359
97 1 16
257 14 109
289 6 154
161 3 52
33 9 499
161 3 375
193 26 227
161 29 316
129 48 225
33 29 389
129 34 259
193 50 398
97 15 60
97 45 212
225 43 79
97 48 374
65 48 413
289 50 11
193 37 231
97 28 280
97 9 330
289 35 375
33 44 439
257 28 159
129 44 444
97 43 199
65 19 127
33 43 305
65 18 72
161 45 78
225 21 340
97 3 343
97 40 217
161 40 473
193 44 365
225 3 446
193 40 276
225 18 403
97 22 7
33 40 141
129 33 408
161 47 304
161 29 25
257 39 170
65 1 307
289 36 394
129 49 360
161 37 332
97 47 53
129 35 432
225 4 171
289 2 207
65 36 444
289 40 37
129 27 494
65 35 467
65 39 374
97 2 493
65 30 153
225 1 120
225 44 4
97 9 111
257 32 84
161 7 286
129 41 304
33 6 82
161 20 375
225 37 453
289 45 458
161 15 118
33 31 81
193 14 151
257 23 399
257 35 107
161 45 38
289 48 250
257 1 199
129 3 74
129 23 354
289 50 495
129 45 257
289 29 168
225 9 67
289 24 157
161 19 302
65 50 168
161 26 474
33 34 316
33 19 39
97 3 385
193 16 387
161 9 472
161 39 455
257 25 120
289 11 55
97 25 321
161 34 297
161 50 336
97 47 168
161 33 317
289 50 302
289 32 88
161 12 429
65 34 357
193 23 324
97 49 199
161 25 312
97 34 418
289 47 267
65 32 159
193 8 277
97 6 16
129 3 230
161 2 139
97 8 283
97 26 474
33 48 143
129 43 207
193 2 394
97 22 348
129 11 282
97 50 443
65 12 264
257 6 102
161 8 80
193 30 68
257 34 397
33 44 274
289 36 283
65 47 212
225 10 136
225 37 349
161 26 399
129 8 36
161 25 483
193 39 296
289 29 97
257 27 94
65 32 143
33 25 142
257 23 380
193 12 181
225 3 33
225 28 82
129 16 166
257 37 258
129 3 365
129 2 213
161 32 107
257 36 199
225 16 222
193 14 377
289 44 356
129 2 67
257 5 165
97 28 122
65 9 176
161 21 212
161 49 379
161 9 91
193 19 8
193 11 44
97 49 382
65 39 7
193 37 33
225 34 462
65 13 500
65 18 26
33 21 379
161 42 266
97 6 32
289 41 417
193 8 65
193 18 157
65 1 430
33 3 297
289 27 113
97 34 363
289 9 87
289 2 183
129 33 170
97 44 423
129 44 386
97 39 363
193 48 30
65 1 209
65 47 161
33 11 60
257 44 185
161 17 127
289 16 23
257 11 392
193 26 454
65 32 261
161 11 291
289 31 113
97 44 221
225 40 156
257 4 262
289 41 350
289 36 159
65 30 481
97 11 115
97 38 348
289 33 79
97 15 299
225 27 181
97 43 437
225 29 45
289 44 119
193 33 101
289 26 368
33 38 313
97 18 432
225 8 254
193 18 24
193 13 78
193 31 497
193 25 13
161 39 360
225 49 246
225 38 102
33 31 335
225 11 143
161 34 450
129 5 424
225 46 30
129 28 499
33 22 331
161 50 119
289 16 367
161 41 496
257 43 215
161 8 61
289 30 488
225 38 287
225 30 377
129 43 66
257 39 300
65 7 167
161 38 205
33 19 363
161 34 125
33 21 356
129 41 304
289 46 74
289 49 266
225 13 486
65 8 25
129 13 67
129 50 381
257 35 457
257 13 16
257 44 144
129 46 289
129 6 418
33 12 157
225 32 247
161 20 172
289 8 499
33 7 237
225 25 301
225 28 466
193 21 281
65 49 160
65 24 208
97 20 130
161 40 158
225 32 499
161 25 238
193 27 385
97 22 258
65 19 337
33 35 77
193 30 160
257 1 206
225 44 362
257 15 308
97 11 39
129 19 405
225 35 415
97 1 39
289 40 433
161 49 164
161 32 49
33 14 58
225 8 439
161 50 224
225 21 113
193 41 47
65 25 361
289 5 408
193 30 117
193 15 386
97 41 351
97 3 272
97 1 6
129 22 56
225 11 314
161 34 472
161 10 430
161 18 69
193 47 67
161 32 326
289 20 132
161 3 7
289 3 121
97 36 436
129 23 67
33 32 178
257 28 323
289 49 163
193 45 184
97 33 313
33 47 428
225 16 277
33 7 409
225 41 24
97 7 300
129 18 458
193 16 243
257 43 149
193 7 372
129 45 189
161 34 255
193 50 293
193 15 350
193 32 405
33 10 365
257 13 227
257 6 483
225 16 47
289 38 389
161 12 360
97 29 10
97 26 148
193 18 336
289 33 359
289 50 222
289 32 216
289 18 372
33 9 21
193 4 328
33 34 482
193 6 472
225 44 101
129 14 291
65 28 139
225 22 11
97 2 5
193 7 169
65 49 282
129 36 159
225 38 287
97 36 354
97 24 467
161 3 358
289 10 39
289 10 64
33 30 468
97 1 436
257 47 319
129 25 246
225 36 281
65 15 397
97 40 222
33 35 459
33 44 451
97 19 255
289 47 295
97 10 296
257 34 155
193 23 300
257 29 476
97 23 301
257 11 313
225 19 70
161 2 391
225 24 65
33 25 136
129 10 159
97 42 309
33 5 276
33 9 334
225 46 348
129 42 367
225 45 87
225 11 89
257 41 74
129 37 339
225 17 95
225 38 410
129 49 497
193 50 343
193 21 395
289 28 435
129 27 213
129 39 392
129 31 176
289 32 363
65 12 206
33 47 393
193 12 7
225 14 144
65 28 343
289 37 236
65 20 142
193 25 260
97 40 276
193 27 387
225 29 7
289 32 230
129 1 230
257 7 69
225 43 115
161 27 2
225 19 200
257 12 43
161 17 219
129 22 445
225 16 424
129 25 94
225 18 349
289 46 422
289 13 455
33 4 494
129 13 445
289 27 356
161 22 253
289 9 469
257 17 215
129 12 188
97 41 366
289 15 19
65 42 242
129 31 233
33 29 454
65 27 97
225 48 35
97 22 48
193 50 413
65 44 326
129 34 449
257 39 342
33 15 31
257 13 485
289 11 452
225 41 232
257 22 206
65 4 497
257 38 393
65 9 497
193 4 283
161 50 59
65 6 61
193 16 272
289 6 405
65 37 90
225 47 206
97 31 317
225 18 234
289 31 310
289 24 299
257 42 411
97 30 369
161 42 312
97 30 170
129 18 268
289 6 232
97 44 154
225 20 93
289 47 400
257 28 372
129 41 230
129 45 262
193 32 124
193 28 402
33 23 284
129 9 369
65 24 158
193 36 409
257 22 160
129 44 129
65 4 166
289 27 227
65 16 195
257 25 283
161 33 228
193 45 181
289 32 454
33 47 195
65 23 247
289 23 143
289 24 182
97 7 240
33 5 215
33 16 152
225 17 371
225 43 98
193 18 362
129 33 98
257 9 432
33 17 74
257 39 412
97 21 122
225 26 136
129 26 96
129 17 367
97 44 104
193 25 38
161 47 485
97 20 303
97 31 479
257 46 75
257 39 61
257 5 336
257 15 281
65 19 349
129 15 475
161 1 139
257 14 417
289 16 346
129 16 411
289 4 328
97 37 125
65 31 19
257 9 190
65 33 156
33 33 151
65 8 70
33 24 224
129 18 479
161 18 179
289 6 286
289 49 192
161 31 208
225 30 28
65 45 108
97 33 300
161 50 53
65 31 113
225 1 456
225 39 60
225 15 72
289 26 78
161 49 236
225 43 179
161 39 447
33 13 172
97 49 378
129 1 381
225 34 232
129 26 318
225 33 46
161 31 496
161 7 236
257 32 415
65 28 261
193 21 149
129 17 407
225 27 129
289 3 464
225 15 310
225 36 490
65 17 72
65 4 17
129 10 250
33 6 217
129 34 340
257 46 223
65 32 485
193 13 344
257 5 15
129 43 234
193 4 379
33 8 243
33 13 307
33 9 30
97 44 455
225 48 234
129 36 253
161 28 342
257 1 274
225 15 36
33 33 476
33 45 345
289 4 386
225 31 41
193 36 21
193 1 221
257 32 365
97 38 355
161 40 388
33 40 220
129 36 220
161 33 117
161 50 408
129 40 256
129 47 388
225 40 342
65 18 3
97 23 47
33 21 109
193 22 225
289 4 337
33 28 159
33 4 60
289 15 454
129 7 295
97 2 277
225 47 459
33 25 35
257 44 315
33 30 192
225 50 277
257 25 73
65 8 147
289 12 477
225 26 235
193 26 201
129 17 160
161 24 183
33 44 359
129 37 16
161 48 431
161 45 112
193 46 179
225 45 370
97 46 167
97 38 83
257 30 234
65 12 107
97 3 425
289 12 274
225 14 260
65 12 63
65 36 164
193 35 204
225 45 213
33 38 317
289 50 412
97 29 284
65 35 229
161 25 440
65 10 423
225 22 480
161 5 205
225 22 365
33 25 323
33 16 449
225 31 489
225 5 473
225 19 400
257 44 370
65 34 26
129 23 26
225 20 13
225 3 411
225 6 235
257 48 290
33 1 278
97 17 48
257 19 69
289 49 473
225 40 174
97 40 422
161 45 456
97 1 40
193 21 58
65 47 460
65 47 49
161 12 482
225 11 179
225 28 213
33 38 389
193 7 277
289 2 140
97 23 23
97 32 396
161 2 112
161 33 168
129 42 445
129 28 365
33 48 117
161 38 427
257 5 238
33 6 289
161 4 166
97 50 412
33 6 497
193 36 100
193 12 128
257 6 16
161 12 173
193 41 211
97 32 219
225 34 325
193 44 472
257 24 47
289 41 390
65 22 242
97 38 396
225 47 248
225 4 163
161 33 312
33 43 295
97 6 337
97 8 480
33 1 90
33 5 65
33 1 345
97 50 88
289 9 158
33 10 245
225 28 214
161 38 453
257 1 363
257 35 304
161 12 390
129 49 371
65 4 422
161 26 334
97 15 433
33 22 382
289 41 157
129 41 426
289 24 254
97 8 257
129 36 236
289 49 477
33 20 133
225 49 458
225 1 189
65 17 88
161 16 342
289 48 207
97 15 86
161 1 138
193 38 255
33 24 239
97 13 190
161 7 157
289 2 429
65 26 207
289 6 8
161 30 25
257 25 489
129 27 480
289 46 380
161 35 500
33 25 185
161 43 1
97 9 116
129 42 453
161 12 78
33 24 30
129 35 150
289 39 8
193 14 425
225 38 475
289 34 42
97 32 267
33 37 436
161 8 436
225 27 358
33 39 490
289 44 31
289 48 202
97 6 163
129 42 90
225 23 411
97 20 439
225 35 267
225 23 96
97 26 286
33 4 456
289 45 88
257 39 397
289 14 214
193 46 143
33 50 49
129 18 193
161 26 4
129 19 316
33 10 386
97 32 196
161 39 21
161 26 493
129 42 263
65 33 266
161 21 36
97 4 178
225 37 302
65 4 160
129 22 78
97 24 484
129 4 234
97 24 5
161 16 483
161 35 417
193 31 22
289 38 95
161 22 375
225 46 136
161 15 169
289 22 369
193 10 362
193 30 151
97 35 96
289 9 145
225 35 124
129 46 250
257 47 334
289 3 440
161 7 400
289 12 117
257 38 4
129 47 366
33 18 496
257 44 75
129 42 103
97 24 229
97 11 27
289 25 277
161 23 78
33 28 275
289 26 275
161 38 205
289 43 148
289 7 23
257 30 419
33 21 451
161 23 98
257 44 257
225 29 9
225 26 406
193 49 93
129 1 48
193 46 419
161 29 457
193 35 82
65 13 109
97 34 188
33 27 445
225 16 180
129 7 476
97 12 190
257 12 351
161 23 154
33 33 199
33 16 436
257 46 123
129 1 94
161 47 449
289 36 242
161 6 248
289 35 20
