850 5 3
839 50 500
175 50 499
575 50 498
73 50 498
726 50 497
143 50 497
390 50 496
114 50 496
6 50 495
476 50 494
314 50 492
452 50 492
554 50 492
193 50 490
724 50 489
269 50 487
470 50 487
36 49 486
657 49 486
437 49 485
329 49 485
125 49 485
941 49 483
815 49 483
927 49 483
657 49 483
94 49 482
855 49 480
265 49 480
432 48 480
2 48 480
932 48 479
615 48 477
802 48 476
166 48 476
431 48 475
356 48 475
416 48 472
61 48 472
617 48 472
36 48 471
87 48 471
409 48 471
412 47 470
357 47 470
831 47 469
449 47 469
856 47 468
486 47 468
553 47 468
398 47 467
37 47 467
528 47 466
536 47 466
859 47 466
136 47 464
176 47 464
247 46 463
410 46 462
454 46 462
798 46 460
672 46 460
717 46 460
597 46 459
710 46 459
300 46 458
207 46 457
106 46 455
489 46 454
558 46 454
760 46 453
317 46 453
838 46 453
233 46 453
206 46 452
961 45 450
818 45 448
434 45 448
23 45 448
272 45 447
65 45 447
105 45 447
688 45 446
660 45 446
351 45 445
89 45 445
472 44 445
223 44 444
256 44 444
863 44 444
422 44 444
596 44 444
56 44 443
775 44 443
947 44 443
774 44 443
633 44 442
897 44 442
974 44 442
974 43 442
863 43 442
3 43 441
387 43 440
58 43 440
321 43 440
632 43 440
702 43 440
73 43 440
606 43 439
886 43 439
546 43 439
451 43 438
296 43 438
821 43 437
721 42 437
365 42 435
978 42 434
611 42 434
446 42 433
322 42 433
66 42 430
925 42 430
847 42 429
333 42 428
91 42 427
216 42 427
600 42 426
68 42 426
491 42 425
134 41 424
182 41 424
390 41 424
443 41 423
500 41 422
634 41 422
780 41 422
896 41 422
111 41 421
5 41 421
717 41 421
20 41 420
286 41 419
454 41 418
364 41 417
594 40 415
827 40 415
717 40 414
389 40 414
501 40 412
556 40 412
779 40 412
117 40 412
827 40 410
966 39 409
560 39 409
886 39 409
443 39 408
881 39 408
969 39 407
657 39 407
288 39 407
734 39 405
388 39 405
606 39 403
57 39 402
756 39 401
985 39 401
135 39 401
399 39 401
946 38 400
487 38 398
948 38 397
762 38 397
639 38 397
415 38 396
159 38 395
744 38 394
174 38 392
305 38 391
935 38 390
83 38 390
718 38 390
874 38 389
106 37 389
454 37 389
997 37 388
919 37 388
522 37 387
716 37 387
620 37 387
576 37 386
523 37 386
893 37 386
77 37 386
228 37 386
579 37 385
117 37 385
281 37 384
860 37 383
263 37 383
851 37 383
646 37 383
199 36 382
623 36 382
467 36 382
797 36 382
298 36 380
688 36 379
184 36 378
586 36 377
265 36 375
32 36 375
578 36 374
893 36 373
975 35 373
366 35 373
151 35 371
886 35 370
422 35 370
366 35 368
354 35 368
317 35 365
11 35 364
436 35 364
373 35 363
783 35 363
353 35 362
145 35 362
763 35 361
661 35 361
376 35 360
569 35 360
511 35 359
966 35 358
585 35 358
165 34 358
242 34 357
44 34 356
498 34 356
715 34 356
213 34 355
172 34 354
681 34 354
259 34 353
532 34 352
999 34 352
886 34 351
613 34 350
803 34 350
398 34 349
177 34 349
774 34 349
624 34 349
874 33 349
325 33 349
434 33 348
596 33 345
769 33 345
856 33 344
883 33 343
607 33 343
517 33 343
656 33 341
599 33 339
999 33 339
22 33 339
643 33 338
599 33 338
677 33 337
880 33 337
450 33 337
572 33 336
372 33 336
223 33 335
580 33 334
485 32 334
839 32 333
662 32 332
211 32 332
467 32 332
749 32 331
664 32 330
781 32 329
989 32 328
43 32 328
822 32 327
122 32 326
871 32 326
791 32 325
134 32 325
796 32 324
53 32 324
381 32 324
820 32 323
55 32 323
206 32 321
136 32 321
43 32 320
431 32 319
748 31 319
718 31 318
740 31 318
521 31 318
199 31 318
816 31 318
871 31 318
855 31 316
881 31 315
237 31 314
207 31 314
251 31 314
388 31 314
434 31 314
488 31 314
238 31 313
424 30 313
360 30 312
972 30 311
158 30 311
849 30 311
242 30 310
690 30 309
106 30 308
332 30 307
57 30 306
664 30 306
51 30 305
234 30 304
957 30 304
511 30 303
738 30 303
534 30 303
747 30 302
973 30 302
648 30 301
576 29 300
502 29 299
481 29 299
669 29 298
948 29 296
347 29 294
294 29 293
288 29 292
740 28 291
661 28 291
266 28 289
392 28 289
402 28 287
33 28 287
457 28 287
741 28 286
162 28 286
423 28 285
378 28 285
62 28 285
988 28 283
350 28 283
803 28 281
224 28 280
543 28 279
211 28 279
600 28 279
223 28 278
489 28 277
926 28 277
287 27 276
724 27 276
891 27 276
369 27 275
191 27 275
331 27 274
1 27 274
261 27 273
895 27 273
536 27 272
176 27 272
962 27 272
555 27 272
6 27 272
935 27 272
571 26 271
224 26 271
883 26 271
440 26 271
981 26 271
801 26 271
668 26 270
544 26 270
106 26 270
762 26 269
664 26 269
618 26 268
861 26 268
586 26 268
107 26 267
146 25 267
972 25 266
974 25 265
914 25 265
156 25 264
37 25 262
663 25 262
413 25 262
245 25 262
775 25 261
798 25 261
358 25 261
626 25 261
814 25 261
142 25 260
117 25 259
429 25 259
954 25 259
151 25 259
253 25 258
342 25 258
549 25 257
523 24 257
367 24 255
605 24 255
823 24 255
841 24 255
832 24 254
453 24 252
424 24 251
183 24 250
890 24 250
156 24 249
865 24 248
437 23 246
460 23 246
96 23 245
743 23 244
213 23 243
743 23 243
196 23 243
661 23 242
870 23 242
910 23 240
487 23 239
597 23 239
471 23 237
792 23 237
189 22 237
434 22 236
200 22 236
342 22 236
999 22 235
773 22 235
669 22 234
203 22 234
278 22 233
194 22 233
500 22 230
725 22 229
733 22 229
479 22 228
829 21 228
951 21 227
708 21 227
497 21 226
665 21 225
88 21 224
593 21 222
842 21 221
499 21 221
828 21 221
577 21 221
691 21 221
668 21 219
948 21 219
652 21 219
9 21 218
35 21 216
756 21 215
686 21 215
551 21 214
88 21 214
210 21 213
225 20 212
296 20 212
225 20 210
238 20 210
872 20 210
656 20 210
998 20 210
954 20 210
583 20 210
902 20 209
47 20 209
15 20 209
726 20 208
320 20 208
782 20 204
945 20 204
116 20 204
963 20 204
959 20 203
505 20 202
32 19 201
996 19 201
212 19 199
277 19 198
675 19 197
512 19 197
132 19 197
125 19 196
849 19 196
341 19 196
867 19 196
909 19 196
847 19 195
523 19 195
637 19 194
482 19 194
910 19 194
483 18 193
540 18 193
27 18 191
605 18 190
458 18 190
522 18 190
550 18 190
493 18 189
761 18 188
120 18 187
323 18 187
181 18 186
613 18 186
380 18 185
537 18 185
958 18 184
534 18 184
473 18 183
787 18 182
961 18 182
814 18 182
881 18 179
951 18 179
589 17 179
351 17 179
901 17 178
947 17 178
980 17 178
889 17 177
413 17 177
500 17 176
53 17 176
960 17 175
250 17 175
948 17 175
204 17 173
38 17 173
33 17 173
31 17 173
285 16 173
754 16 173
259 16 172
386 16 170
609 16 170
788 16 170
335 16 169
569 16 169
559 16 169
235 16 167
665 16 165
604 16 165
563 16 164
974 16 164
235 16 164
637 16 164
884 15 164
499 15 162
705 15 161
448 15 160
558 15 160
255 15 159
131 15 159
287 15 156
168 15 156
91 15 154
596 15 152
369 15 152
249 15 151
503 15 150
24 15 150
735 15 150
964 15 149
621 15 148
770 15 148
971 15 146
874 15 146
685 15 146
698 15 145
381 15 144
798 15 143
913 15 142
830 14 140
411 14 140
107 14 140
372 14 139
744 14 139
996 14 139
738 14 137
548 14 135
293 14 135
985 14 133
960 14 132
568 14 132
285 14 132
1000 14 131
604 14 131
272 14 130
830 14 129
951 14 129
142 14 129
704 14 129
515 13 128
618 13 128
683 13 127
896 13 126
914 13 125
448 13 125
437 13 124
931 13 123
323 13 123
904 13 123
392 13 123
146 13 122
773 13 122
292 13 121
343 13 121
773 13 121
483 13 120
751 13 119
644 12 119
797 12 119
675 12 119
936 12 118
846 12 117
720 12 116
646 12 115
427 12 115
133 12 114
730 12 114
339 12 114
384 12 113
409 12 112
333 12 112
295 12 110
331 11 110
48 11 110
621 11 109
815 11 108
903 11 108
463 11 107
291 11 106
206 11 106
599 11 106
512 11 106
923 11 105
161 11 105
107 11 105
49 11 103
124 11 103
424 11 103
163 11 102
509 11 102
435 11 102
815 11 101
227 11 101
388 11 101
364 11 100
579 11 99
251 11 99
926 11 98
815 10 98
72 10 98
922 10 98
740 10 97
139 10 97
622 10 96
71 10 94
551 10 94
402 10 92
293 10 91
667 10 91
442 10 91
112 10 91
453 10 90
774 10 90
490 10 90
80 10 89
744 9 89
268 9 87
735 9 87
933 9 87
707 9 86
396 9 86
26 9 85
522 9 83
503 9 82
645 9 81
462 9 81
344 9 81
822 9 80
61 9 80
851 9 79
530 9 79
705 9 78
864 9 78
389 9 75
261 9 74
751 8 74
337 8 73
803 8 71
937 8 71
175 8 71
336 8 69
636 8 69
190 8 69
990 8 69
968 8 68
572 8 68
269 8 68
612 8 67
404 8 67
827 8 65
493 8 65
33 7 65
933 7 65
151 7 64
935 7 63
261 7 63
778 7 63
72 7 62
494 7 62
629 7 61
445 7 61
377 7 59
254 7 58
994 7 58
310 7 58
375 7 58
752 7 58
307 7 57
879 7 55
537 7 53
431 7 52
674 6 51
386 6 50
823 6 48
914 6 48
172 6 48
42 6 48
551 6 48
486 6 48
466 6 46
533 6 46
763 6 45
975 6 45
85 6 45
811 6 45
967 6 44
756 6 44
183 6 43
295 6 43
606 6 42
60 6 41
668 6 40
238 5 39
460 5 39
488 5 39
518 5 38
704 5 37
205 5 37
807 5 36
848 5 36
250 5 36
564 5 35
528 5 35
482 5 34
918 5 33
929 5 33
751 5 33
844 5 33
216 5 33
58 5 32
591 4 32
222 4 32
133 4 32
330 4 32
376 4 32
75 4 30
658 4 30
310 4 29
686 4 29
558 4 28
374 4 27
212 4 26
718 4 24
869 4 24
214 3 24
263 3 24
837 3 24
610 3 24
867 3 23
245 3 23
830 3 23
625 3 20
561 3 20
97 3 19
728 3 18
931 2 18
294 2 18
140 2 18
146 2 17
784 2 16
573 2 16
479 2 15
516 2 15
140 2 14
135 2 14
35 2 13
739 2 13
784 2 13
846 1 13
777 1 12
616 1 11
321 1 11
5 1 11
302 1 11
439 1 10
158 1 10
750 1 8
566 1 7
367 1 7
675 1 6
353 1 6
946 1 6
154 1 5
522 1 5
830 1 4
436 1 4
554 1 3
41 1 3
376 1 2
422 1 2
758 1 2
766 1 1
