800 5 3
271 50 1
411 50 2
952 50 3
955 50 3
678 50 3
419 50 3
64 50 3
158 50 3
93 50 4
568 50 4
88 49 5
905 49 7
174 49 8
922 49 8
244 49 8
615 49 9
637 49 9
264 49 9
219 49 10
365 49 11
171 49 13
889 49 13
881 49 13
874 49 14
126 49 15
677 49 15
938 49 15
313 49 16
582 49 18
722 49 21
861 49 23
228 48 23
503 48 25
604 48 25
627 48 26
542 48 27
486 48 27
244 48 28
107 48 28
250 48 28
394 48 29
976 48 30
12 48 30
202 48 30
153 48 30
611 48 32
158 48 32
128 47 32
196 47 35
43 47 35
149 47 35
744 47 36
911 47 36
321 47 36
227 47 37
742 47 37
241 47 38
494 47 39
480 47 39
580 47 40
396 47 41
104 47 42
609 47 43
396 47 43
266 47 44
716 47 44
882 47 44
564 46 44
117 46 44
645 46 44
473 46 45
991 46 45
256 46 46
210 46 46
321 46 46
407 46 49
991 46 49
70 46 49
791 46 49
689 46 49
943 45 49
41 45 49
109 45 49
521 45 50
924 45 51
756 45 51
801 45 51
924 45 51
230 45 51
706 45 53
417 45 54
53 45 55
999 45 55
210 45 55
709 45 55
919 45 56
851 45 57
624 45 57
848 44 58
657 44 59
420 44 59
707 44 60
276 44 60
767 44 60
762 44 60
57 44 61
282 44 62
789 44 62
131 44 63
303 44 63
587 44 63
903 44 66
372 44 67
413 44 67
598 44 67
291 44 67
220 43 68
246 43 70
679 43 70
608 43 71
905 43 71
333 43 72
655 43 74
120 43 75
354 43 75
610 43 75
390 43 78
289 43 78
488 43 79
988 43 79
714 43 80
369 42 80
346 42 80
753 42 81
146 42 82
671 42 82
84 42 82
417 42 83
235 42 83
15 42 85
674 42 86
1 42 87
582 41 88
125 41 89
486 41 89
67 41 91
973 41 91
267 41 92
916 41 94
498 41 94
808 41 95
717 41 95
695 41 96
355 41 96
489 41 97
458 41 97
442 41 99
311 40 99
711 40 99
173 40 101
309 40 101
245 40 103
547 40 103
641 40 103
905 40 105
692 40 105
333 40 106
75 40 107
2 40 109
470 39 110
465 39 110
513 39 111
760 39 112
561 39 113
716 39 114
49 39 114
810 39 114
375 39 114
581 38 115
388 38 116
624 38 117
37 38 117
730 38 118
833 38 119
851 38 119
264 38 119
304 38 119
509 38 119
899 38 122
779 38 122
126 38 123
128 38 124
932 38 125
13 38 125
543 38 125
580 38 125
990 38 126
280 38 126
434 38 126
351 38 127
152 38 128
12 37 128
200 37 129
343 37 130
505 37 130
994 37 132
385 37 133
757 37 133
658 37 135
733 37 135
179 37 135
274 37 136
211 37 136
786 37 136
392 37 138
982 37 138
848 37 139
48 36 140
562 36 140
631 36 140
824 36 140
786 36 141
358 36 141
934 36 141
394 36 142
394 36 142
187 36 143
470 36 143
693 36 143
112 36 143
357 36 144
726 36 144
546 36 144
191 35 145
322 35 145
774 35 145
424 35 145
209 35 145
464 35 146
206 35 146
412 35 147
401 35 147
634 35 148
633 35 149
146 35 151
222 35 152
253 35 152
552 35 152
884 35 153
783 35 153
523 35 153
188 35 154
158 35 156
49 35 156
19 35 156
323 34 156
580 34 156
566 34 157
370 34 158
611 34 158
897 34 158
408 34 158
954 34 159
637 34 159
693 34 159
356 34 159
621 34 159
297 34 160
873 34 161
945 34 162
503 33 163
951 33 164
738 33 164
375 33 164
94 33 164
454 33 166
192 33 166
540 33 167
431 33 168
189 33 169
730 33 169
953 33 171
293 33 171
662 33 171
761 33 175
212 33 176
784 33 176
331 33 177
165 33 178
799 32 180
648 32 181
448 32 181
431 32 182
653 32 182
365 32 183
696 32 185
988 32 185
413 32 185
101 32 186
180 32 186
570 32 187
135 32 187
216 31 188
230 31 188
130 31 189
931 31 190
148 31 190
116 31 193
243 31 194
689 31 195
56 31 195
159 31 196
111 31 199
434 31 200
631 31 200
387 31 200
60 31 200
630 31 201
363 31 201
689 30 201
545 30 202
111 30 203
642 30 204
176 30 204
10 30 204
195 30 205
266 30 205
731 30 205
650 30 207
247 30 208
717 30 208
812 29 209
125 29 209
454 29 212
505 29 212
469 29 213
967 29 214
809 29 214
855 29 214
63 29 215
132 29 216
584 29 216
453 29 217
187 29 218
605 29 221
911 29 223
58 29 223
974 29 224
460 29 225
555 28 225
22 28 225
139 28 226
684 28 227
716 28 227
516 28 228
344 28 230
463 28 231
757 28 231
12 28 233
273 28 233
286 28 233
126 28 236
585 28 236
339 28 236
71 28 236
3 28 237
236 28 238
801 27 239
78 27 240
181 27 241
11 27 242
915 27 243
242 27 243
910 27 243
882 27 244
389 27 245
722 27 246
546 27 246
388 27 246
12 27 250
852 27 250
417 27 251
318 27 251
778 27 252
354 27 253
96 26 253
176 26 253
578 26 254
210 26 255
224 26 255
209 26 255
768 26 255
281 26 256
502 26 256
726 26 257
695 26 257
547 26 257
585 26 257
974 26 259
526 26 259
177 26 261
187 26 261
45 26 262
789 26 262
911 25 263
678 25 264
267 25 266
745 25 266
441 25 268
736 25 268
153 25 268
127 25 268
761 25 268
905 25 268
863 25 269
749 25 269
888 24 272
457 24 274
573 24 276
548 24 276
487 24 276
375 24 277
172 24 277
450 24 277
536 24 279
580 24 282
999 24 282
916 24 282
14 24 283
5 24 283
699 23 284
648 23 285
973 23 286
807 23 286
681 23 287
1000 23 287
160 23 287
261 23 287
972 23 288
731 23 288
222 23 288
229 23 289
660 22 290
61 22 290
71 22 290
345 22 290
461 22 292
895 22 292
560 22 293
642 22 294
284 22 294
921 22 295
249 22 296
542 22 296
760 22 296
668 22 297
736 22 298
978 22 299
857 21 300
844 21 300
148 21 300
779 21 301
63 21 301
234 21 302
631 21 302
229 21 302
345 21 303
624 21 303
704 21 304
591 21 307
265 21 307
302 21 307
597 21 307
270 21 308
33 21 309
177 21 309
146 21 310
629 21 311
284 21 312
755 21 313
64 21 314
294 21 314
507 21 314
686 21 315
637 21 315
531 21 319
50 21 320
689 20 320
595 20 321
573 20 321
823 20 322
893 20 323
648 20 323
694 20 326
582 19 326
738 19 327
842 19 327
370 19 327
348 19 327
202 19 328
852 19 328
367 19 328
886 19 329
575 19 329
578 19 329
53 19 330
396 19 331
392 19 331
181 19 332
840 19 332
544 19 332
894 19 333
795 19 333
787 19 335
517 18 335
285 18 337
414 18 337
199 18 337
134 18 337
655 18 339
191 18 339
970 18 340
381 18 340
666 18 341
231 18 341
546 17 341
420 17 341
842 17 342
834 17 342
848 17 342
35 17 342
537 17 342
824 17 343
897 17 343
7 17 344
154 17 345
777 17 345
911 17 347
635 17 348
653 17 348
949 17 352
927 17 353
781 16 353
500 16 355
117 16 355
572 16 355
343 16 355
4 16 355
321 16 356
441 16 356
409 16 357
848 16 357
431 16 357
259 16 357
520 16 358
512 16 358
237 16 359
20 16 359
461 16 359
622 16 360
875 16 360
988 16 360
836 15 360
993 15 361
656 15 361
594 15 361
183 15 362
858 15 362
215 15 363
513 15 365
591 15 365
908 15 366
773 15 366
230 15 367
295 15 367
729 15 368
610 14 368
117 14 368
916 14 368
815 14 369
346 14 369
114 14 369
933 14 371
633 14 371
255 14 371
413 14 371
699 14 371
418 14 372
477 14 373
152 14 373
269 14 373
532 14 373
601 14 374
90 14 374
171 14 374
702 14 375
639 14 376
694 13 377
404 13 377
269 13 377
838 13 378
493 13 379
254 13 379
849 13 380
546 13 381
351 13 381
673 13 381
376 13 382
703 13 382
321 13 385
321 12 385
696 12 387
316 12 387
601 12 387
391 12 387
6 12 389
219 12 390
853 12 390
290 12 390
652 11 391
236 11 392
881 11 392
983 11 393
750 11 395
305 11 395
687 11 396
298 11 397
989 11 397
825 11 398
984 11 398
832 11 399
389 11 400
860 11 400
881 10 401
27 10 401
145 10 402
680 10 402
129 10 402
225 10 403
422 10 403
62 10 403
590 10 404
281 10 405
901 10 406
764 10 407
976 10 409
306 10 411
938 10 411
864 10 411
757 10 412
906 10 413
746 9 415
509 9 416
780 9 417
161 9 417
601 9 418
637 9 419
757 9 420
152 9 420
169 9 422
588 9 423
165 9 424
592 9 424
295 8 424
28 8 425
583 8 426
283 8 427
631 8 427
395 8 427
350 8 428
913 8 429
663 8 429
725 8 429
959 8 430
744 8 430
225 8 430
942 8 430
435 8 431
972 8 431
971 8 432
816 7 433
907 7 434
919 7 435
1000 7 435
622 7 436
36 7 436
493 7 436
745 7 437
795 7 437
705 7 437
878 7 438
790 7 438
834 7 439
512 7 439
361 6 440
550 6 440
251 6 440
501 6 441
705 6 442
695 6 443
646 6 444
626 6 444
846 6 446
735 6 446
263 6 447
528 6 447
947 6 448
209 6 449
926 6 449
287 6 449
632 5 449
779 5 449
977 5 450
97 5 450
388 5 450
611 5 450
801 5 451
445 5 452
528 5 453
434 5 454
486 5 454
760 5 455
834 5 455
857 5 455
872 5 455
414 5 456
829 5 456
608 4 456
563 4 457
997 4 458
913 4 459
790 4 459
333 4 460
906 4 462
861 4 462
298 4 462
352 4 462
429 4 462
742 4 463
175 4 463
575 4 463
968 4 463
617 3 463
287 3 464
438 3 464
901 3 464
237 3 465
207 3 466
946 3 467
181 3 467
918 3 467
191 3 468
490 3 468
780 3 468
288 3 470
69 2 471
745 2 471
434 2 473
89 2 473
271 2 474
449 2 475
109 2 475
472 2 475
262 2 475
614 2 476
842 2 477
600 2 478
667 2 478
252 2 479
970 2 479
179 2 480
89 2 480
469 2 480
201 2 481
501 2 481
162 2 481
539 2 483
410 2 485
614 2 485
302 2 486
302 1 486
637 1 486
611 1 487
502 1 488
875 1 488
619 1 490
571 1 490
342 1 490
50 1 490
969 1 491
537 1 492
440 1 494
690 1 495
407 1 497
698 1 498
78 1 498
915 1 498
205 1 499
620 1 500
775 1 500
