800 2 6
657 50 500
921 50 500
784 50 500
249 50 499
742 50 499
470 50 497
18 50 497
678 50 497
480 50 495
797 50 495
77 50 495
941 50 495
439 50 495
628 50 494
500 49 494
832 49 493
412 49 493
135 49 493
774 49 492
204 49 491
617 49 491
192 49 490
972 49 490
552 49 489
910 49 489
937 49 488
136 49 488
97 49 486
865 49 485
773 49 485
821 48 485
874 48 483
121 48 483
564 48 483
505 48 482
113 48 481
791 48 481
237 48 481
180 48 481
573 48 478
578 48 477
574 48 476
483 48 475
43 48 474
909 48 473
534 48 472
670 48 472
664 48 471
919 48 471
276 48 471
34 48 469
257 48 468
919 47 468
793 47 467
531 47 467
638 47 466
2 47 466
384 47 466
746 47 465
797 47 465
443 47 465
845 47 464
711 47 464
234 47 464
637 47 463
467 47 462
275 47 462
604 47 461
568 46 459
752 46 459
741 46 459
107 46 457
461 46 456
171 46 454
423 46 453
582 46 453
640 46 453
918 46 453
972 46 451
857 46 451
769 46 450
14 46 450
744 46 449
779 46 448
879 45 447
255 45 447
108 45 447
869 45 446
410 45 446
197 45 445
564 45 443
303 45 442
411 45 441
901 45 441
663 45 440
692 45 439
554 45 438
250 45 437
755 45 436
294 45 436
4 45 436
195 44 436
194 44 436
493 44 436
327 44 434
113 44 433
573 44 433
448 44 432
643 44 431
687 44 431
739 44 431
582 44 430
486 44 430
906 44 428
494 44 426
846 43 426
780 43 425
200 43 424
874 43 424
938 43 423
946 43 423
228 43 422
482 43 421
170 43 421
733 43 419
399 43 419
50 43 418
165 43 418
228 42 417
12 42 417
979 42 417
778 42 417
471 42 415
98 42 415
958 42 414
813 42 413
770 42 412
132 42 411
16 42 410
134 42 410
954 42 409
892 42 409
150 42 409
995 42 409
138 42 408
195 41 408
614 41 407
733 41 407
10 41 407
886 41 407
905 41 406
840 41 406
173 41 405
811 41 404
921 41 403
51 41 402
702 41 402
121 41 401
386 41 399
56 41 399
543 41 398
205 41 398
944 41 397
54 41 397
301 41 396
105 41 396
342 41 396
441 41 395
579 41 395
591 41 395
958 41 393
195 40 392
545 40 392
219 40 391
26 40 390
604 40 390
216 40 390
798 40 389
453 40 389
405 40 387
893 40 387
79 40 386
910 40 385
771 40 385
544 40 385
83 40 384
642 40 384
942 40 383
160 40 383
886 39 382
406 39 381
369 39 381
542 39 380
610 39 380
270 39 378
796 39 378
690 39 378
452 39 377
413 39 376
573 39 376
901 39 376
470 39 375
385 39 375
797 39 375
28 39 374
630 39 374
106 38 374
694 38 374
821 38 373
134 38 372
599 38 371
58 38 371
74 38 371
469 38 370
284 38 369
759 38 368
415 38 368
555 38 367
140 38 366
367 38 366
673 38 366
417 38 365
936 38 364
476 38 364
37 37 361
167 37 361
193 37 360
513 37 360
883 37 358
327 37 358
479 37 358
3 37 357
165 37 357
310 37 356
102 37 356
750 37 355
383 37 354
371 37 354
570 37 353
132 37 352
45 37 352
136 37 352
568 36 351
152 36 349
427 36 348
318 36 348
56 36 347
153 36 346
781 36 346
365 36 346
890 36 346
138 36 343
148 36 342
104 36 340
44 36 339
494 36 337
514 36 337
743 36 337
173 35 337
321 35 336
162 35 335
710 35 335
705 35 335
897 35 333
191 35 332
843 35 330
250 35 330
283 35 329
831 35 328
533 35 328
271 35 327
530 35 326
955 35 326
567 35 326
371 35 326
35 35 325
46 34 325
652 34 325
693 34 324
956 34 324
655 34 323
669 34 320
528 34 320
290 34 320
237 34 319
366 34 319
286 34 318
554 34 318
247 33 317
406 33 317
294 33 316
167 33 314
405 33 314
573 33 313
926 33 313
274 33 313
646 33 311
752 33 311
303 33 311
712 33 310
430 33 310
623 33 310
204 32 310
325 32 306
372 32 305
184 32 304
974 32 303
926 32 302
6 32 302
93 32 301
912 32 301
444 32 300
921 32 299
544 31 299
249 31 299
836 31 298
305 31 298
990 31 297
627 31 295
388 31 295
296 31 295
505 31 295
223 31 294
624 31 294
679 31 294
192 31 294
843 31 293
546 31 293
935 31 293
66 31 290
914 31 290
24 31 289
418 30 289
295 30 289
582 30 289
24 30 288
3 30 285
783 30 285
740 30 285
862 30 285
543 30 283
771 30 282
883 30 281
854 30 281
14 30 280
417 29 280
371 29 279
748 29 278
930 29 278
542 29 276
758 29 276
48 29 276
547 29 275
324 29 275
206 29 273
16 29 273
940 29 272
891 29 272
467 29 270
830 29 270
654 29 270
972 29 269
415 29 269
777 29 269
270 29 268
536 29 267
200 29 266
615 29 266
373 29 263
495 29 263
712 29 263
279 28 262
253 28 262
988 28 261
205 28 261
348 28 260
843 28 259
685 28 259
168 28 258
222 28 258
758 28 257
609 28 256
684 28 255
755 28 255
618 28 255
10 28 253
189 28 253
875 28 253
888 28 252
954 28 252
651 27 252
193 27 252
606 27 251
26 27 249
329 27 247
69 27 246
614 27 244
854 27 244
54 27 243
902 27 242
998 27 242
692 27 242
240 27 242
445 27 241
236 27 241
667 27 240
319 27 239
837 27 239
180 27 239
544 27 237
469 26 237
654 26 236
343 26 236
731 26 236
464 26 235
880 26 235
881 26 235
840 26 234
706 26 233
141 26 232
32 26 232
730 26 232
222 26 231
791 25 231
500 25 230
322 25 230
790 25 228
849 25 228
55 25 227
389 25 226
309 25 226
186 25 225
874 25 223
955 25 223
486 25 222
67 25 221
545 25 221
28 24 220
591 24 219
994 24 219
292 24 219
837 24 218
750 24 217
655 24 217
51 24 217
392 24 216
167 24 214
540 24 214
350 24 213
937 24 213
759 23 213
577 23 212
334 23 212
789 23 212
440 23 212
941 23 211
147 23 211
158 23 210
961 23 209
817 23 208
603 23 207
721 23 206
456 23 206
334 23 206
396 23 205
464 23 205
231 23 205
87 23 205
942 22 204
578 22 204
481 22 203
377 22 203
640 22 199
416 22 199
759 22 198
486 22 197
597 22 197
452 22 197
92 22 197
433 22 197
907 22 195
330 22 194
409 22 194
524 22 190
184 22 190
744 22 189
413 21 186
966 21 186
49 21 186
674 21 186
829 21 186
416 21 184
376 21 184
86 21 183
828 21 183
550 21 183
297 21 180
526 21 179
855 21 179
603 21 179
137 20 179
267 20 177
536 20 177
276 20 176
684 20 174
390 20 173
292 20 173
711 20 173
825 20 170
67 20 170
979 20 169
405 20 169
228 19 169
519 19 169
548 19 168
386 19 168
409 19 168
304 19 167
595 19 167
334 19 167
776 19 167
227 19 167
728 19 167
499 19 166
785 19 166
807 19 166
708 19 165
367 19 164
308 18 164
585 18 164
370 18 164
860 18 164
325 18 163
546 18 163
560 18 163
186 18 163
475 18 162
547 18 162
369 18 162
86 18 159
300 18 159
513 18 159
65 18 159
435 18 159
695 18 158
434 18 158
4 17 158
103 17 158
93 17 158
39 17 158
827 17 157
737 17 157
444 17 155
76 17 155
796 17 154
950 17 154
106 17 153
378 16 153
277 16 153
555 16 152
658 16 152
590 16 150
932 16 149
421 16 148
94 16 147
59 16 147
582 16 146
948 16 146
882 16 145
2 16 145
98 16 145
614 16 144
776 16 144
202 16 143
713 16 143
352 16 143
118 16 143
858 15 143
853 15 142
782 15 141
792 15 141
154 15 140
123 15 139
940 15 138
986 15 138
282 15 138
582 15 137
925 15 137
191 15 137
402 15 136
433 15 135
688 15 135
127 15 135
913 15 134
289 15 133
828 15 133
456 15 132
426 15 131
69 15 129
816 15 128
652 14 127
208 14 126
883 14 126
540 14 125
787 14 125
546 14 125
24 14 124
678 14 124
277 14 122
465 14 122
987 14 121
949 14 120
310 13 120
502 13 119
990 13 119
330 13 119
806 13 117
744 13 117
546 13 117
756 12 117
796 12 117
596 12 116
879 12 116
842 12 115
638 12 115
389 12 115
933 12 115
371 12 115
480 12 114
467 12 114
706 12 114
193 12 114
535 12 113
480 12 113
79 12 113
452 12 112
752 12 112
365 11 110
705 11 110
963 11 110
441 11 109
795 11 108
426 11 107
542 11 106
172 11 106
949 11 105
657 11 104
535 11 103
940 11 101
915 11 100
684 11 100
302 11 100
165 10 99
946 10 99
129 10 98
539 10 97
173 10 95
263 10 94
372 10 94
183 10 92
992 10 91
762 10 91
471 10 91
283 10 90
460 10 90
239 10 89
404 10 86
970 10 86
259 9 86
439 9 85
696 9 85
131 9 85
414 9 82
501 9 82
829 9 80
14 9 79
948 9 79
757 9 79
919 9 78
687 9 78
895 9 78
191 9 77
56 8 77
488 8 77
583 8 76
281 8 76
307 8 76
321 8 76
453 8 75
194 8 75
457 8 74
499 8 73
110 8 73
3 8 72
467 8 72
891 8 72
970 8 71
176 8 71
860 8 71
250 8 71
760 8 70
604 8 69
2 7 69
552 7 69
624 7 69
755 7 69
218 7 68
48 7 68
692 7 67
600 7 67
293 7 67
919 7 66
996 7 65
87 7 65
562 7 63
990 7 63
661 7 62
589 6 61
593 6 60
592 6 60
957 6 60
283 6 58
130 6 58
941 6 57
261 6 57
330 6 56
264 6 56
900 6 56
867 6 55
784 5 55
349 5 54
831 5 53
603 5 52
752 5 51
850 5 51
72 5 51
202 5 50
456 5 50
187 5 50
26 5 47
815 5 45
492 5 43
662 5 42
42 5 41
166 5 40
96 5 40
790 5 38
884 5 38
466 4 37
210 4 36
560 4 35
106 4 35
399 4 35
750 4 32
273 4 31
911 4 31
737 4 30
515 4 29
130 4 28
18 4 28
652 4 27
698 3 26
737 3 25
190 3 24
721 3 24
319 3 23
485 3 21
230 3 21
49 3 19
376 3 19
277 3 19
646 3 18
73 3 18
459 3 17
654 3 17
812 2 16
107 2 14
213 2 13
352 2 13
262 2 12
685 2 12
260 2 12
571 2 12
149 2 12
247 2 11
869 2 11
395 2 11
310 2 10
262 1 10
482 1 9
837 1 9
610 1 7
481 1 7
515 1 5
445 1 5
875 1 4
596 1 3
917 1 3
102 1 2
143 1 2
