700 9 10
927 1 500
544 1 500
97 1 500
930 1 500
377 1 499
691 1 499
542 1 499
264 1 498
217 1 497
394 1 497
874 1 495
202 1 495
310 2 494
641 2 494
225 2 492
78 2 490
914 2 487
828 2 486
269 2 486
284 2 486
846 2 485
3 2 485
143 2 482
348 2 479
8 2 479
14 2 478
256 2 477
629 2 477
538 2 477
818 3 477
170 3 476
760 3 474
64 3 474
558 3 473
864 3 473
107 3 473
46 3 472
127 3 472
6 4 471
977 4 468
284 4 468
110 4 467
455 4 467
287 4 467
631 4 467
700 4 466
529 4 464
361 4 464
220 4 464
932 4 463
583 4 463
234 4 463
164 5 461
238 5 459
691 5 457
915 5 457
703 5 456
412 5 456
597 5 455
986 5 454
246 5 454
85 5 453
733 5 451
516 5 450
665 6 449
584 6 449
641 6 448
598 6 446
977 6 444
411 6 442
291 6 440
301 6 440
36 6 440
304 6 440
667 6 439
686 6 438
507 7 438
976 7 437
916 7 435
143 7 434
881 7 434
850 7 432
173 7 432
331 7 432
762 7 431
156 7 431
158 7 430
245 7 430
261 7 430
834 8 429
173 8 429
52 8 429
24 8 428
317 8 427
564 8 426
493 8 425
639 8 424
34 8 423
865 8 423
47 8 423
496 8 423
267 8 422
570 8 422
543 8 421
534 9 419
139 9 417
250 9 417
931 9 416
887 9 415
723 9 414
445 9 413
27 9 412
316 9 411
898 9 411
827 9 411
84 9 411
965 9 409
713 9 408
765 10 408
55 10 407
335 10 407
12 10 407
746 10 407
686 10 407
84 10 406
948 10 406
387 10 406
31 10 405
652 10 405
225 10 404
987 10 404
937 10 404
485 10 404
189 10 403
317 10 403
570 10 402
277 10 402
404 10 402
49 10 402
835 10 402
751 10 402
711 11 402
119 11 401
779 11 401
346 11 400
88 11 397
895 11 396
904 11 394
650 11 394
320 11 393
626 11 393
677 11 393
680 11 393
476 12 392
64 12 391
365 12 388
149 12 388
70 12 387
95 12 387
366 12 387
599 12 387
240 12 385
108 12 385
296 12 384
29 12 383
539 12 381
434 12 380
4 12 379
925 12 377
117 12 377
308 12 377
402 12 373
687 12 372
385 12 371
736 12 371
586 13 371
310 13 371
393 13 370
819 13 370
996 13 369
779 13 367
726 13 367
507 13 367
892 13 366
413 13 365
352 13 365
580 13 365
125 13 364
849 13 364
553 13 363
395 14 363
270 14 363
945 14 362
531 14 360
696 14 358
297 14 357
645 14 357
962 14 356
148 14 356
256 14 356
187 14 353
332 15 353
151 15 352
499 15 352
859 15 352
885 15 351
556 15 350
236 15 349
932 15 349
264 15 347
27 15 346
236 15 346
133 15 345
463 15 345
971 15 344
350 15 343
49 16 342
99 16 342
546 16 342
416 16 341
482 16 341
183 16 341
546 16 341
147 16 341
336 16 340
927 17 340
499 17 339
392 17 338
95 17 338
918 17 338
975 17 337
202 17 335
938 17 334
796 17 333
349 17 333
410 17 332
727 17 331
655 17 330
677 17 329
125 17 328
345 17 327
993 17 326
205 17 326
850 18 325
788 18 324
39 18 323
206 18 323
120 18 321
97 18 321
17 18 319
214 18 318
701 18 318
30 18 317
493 18 317
66 18 316
481 18 315
896 18 315
262 18 313
176 18 313
176 19 313
911 19 313
395 19 313
703 19 312
590 19 312
863 19 312
938 19 311
163 19 311
332 20 310
455 20 307
218 20 306
521 20 305
177 20 305
784 20 304
200 20 304
267 20 303
149 20 302
844 21 301
641 21 300
376 21 299
415 21 299
376 21 298
55 21 298
355 21 296
878 21 296
479 21 295
831 22 295
390 22 293
204 22 293
76 22 293
310 22 292
12 22 292
958 22 291
627 22 291
172 22 290
968 22 289
544 22 288
437 22 287
473 23 287
765 23 286
973 23 286
607 23 284
836 23 283
434 23 282
188 23 280
94 23 278
50 23 277
385 23 276
103 23 275
313 23 274
403 23 273
941 23 273
677 23 272
594 23 271
432 24 270
110 24 270
527 24 270
98 24 270
873 24 270
99 24 269
712 24 269
96 24 267
499 24 265
290 25 263
885 25 262
470 25 262
670 25 260
486 25 259
211 25 259
729 25 258
389 25 258
142 25 257
576 25 256
810 25 256
31 25 255
574 25 254
194 25 254
622 26 253
538 26 253
292 26 251
516 26 251
790 26 251
415 26 251
26 27 251
727 27 251
356 27 250
32 27 250
99 27 249
805 27 248
787 27 248
510 27 247
283 27 247
41 27 247
97 28 245
927 28 244
807 28 243
186 28 243
588 28 242
109 28 242
654 28 241
933 28 241
486 28 240
498 28 240
531 28 239
754 28 239
486 28 239
591 28 239
448 28 238
447 28 238
260 28 238
268 28 237
688 29 235
401 29 235
457 29 235
602 29 234
289 29 234
42 29 233
609 29 232
628 29 230
45 29 225
796 29 225
798 29 224
587 30 222
996 30 221
859 30 219
122 30 219
8 30 218
47 30 218
728 30 217
456 30 216
733 30 216
803 30 216
17 30 216
800 30 216
957 30 214
439 30 214
206 30 213
949 30 212
906 31 211
140 31 210
231 31 210
653 31 206
653 31 206
113 31 206
458 31 204
692 31 199
807 31 199
552 31 198
256 31 197
693 31 194
446 31 191
369 31 191
463 31 190
167 32 189
716 32 189
840 32 189
450 32 188
815 32 186
922 32 184
85 32 184
172 32 184
280 32 183
569 32 182
936 32 181
203 32 181
948 32 180
465 32 180
735 32 179
321 32 179
285 32 178
714 32 178
958 33 178
879 33 177
364 33 173
136 33 173
978 33 172
538 33 172
133 33 172
516 33 171
514 33 171
751 33 170
829 33 169
924 33 168
514 33 168
114 33 168
994 33 167
941 33 166
829 33 165
274 33 165
597 33 165
583 33 164
326 34 163
905 34 162
38 34 162
439 34 160
715 34 160
696 34 159
157 34 158
490 34 157
327 34 156
295 34 156
720 34 155
380 34 154
779 34 153
921 34 153
102 34 152
953 35 150
712 35 150
621 35 149
934 35 149
363 35 148
43 35 147
754 35 146
37 35 145
930 35 145
373 35 145
410 35 144
378 35 144
777 35 144
550 35 143
871 35 142
16 36 142
485 36 141
150 36 141
868 36 139
599 36 139
497 36 139
976 36 139
570 36 138
71 36 136
300 36 136
723 36 136
906 36 135
867 36 134
564 36 134
854 36 133
202 36 132
254 36 131
916 37 131
767 37 131
537 37 130
588 37 130
521 37 126
95 37 126
932 37 126
311 37 125
690 37 123
334 37 123
643 37 123
485 37 121
398 37 119
135 37 118
582 38 118
762 38 117
991 38 116
392 38 116
512 38 115
760 38 115
84 38 114
737 38 113
934 38 113
567 38 112
780 38 110
366 38 110
225 38 110
666 38 108
430 38 108
498 39 107
422 39 106
944 39 106
678 39 105
386 39 105
671 39 104
780 39 104
114 39 103
611 39 103
43 39 102
178 39 102
434 39 102
761 39 102
448 39 101
573 39 101
654 39 101
893 39 100
369 40 99
570 40 99
913 40 98
201 40 97
594 40 96
771 40 96
403 40 95
804 40 95
1000 40 95
321 40 95
869 40 95
853 40 94
430 41 94
417 41 93
421 41 92
781 41 92
938 41 91
825 41 91
18 41 91
534 41 91
245 41 90
256 41 90
673 41 86
689 42 85
641 42 85
847 42 85
789 42 84
521 42 84
254 42 84
736 42 82
782 42 82
554 42 80
109 42 78
473 42 77
784 42 76
205 42 76
214 42 75
909 42 74
620 42 74
611 42 74
540 42 73
839 42 72
563 43 72
387 43 71
933 43 70
924 43 70
631 43 69
610 43 69
344 43 68
668 43 68
964 43 67
694 43 67
223 43 67
741 43 66
867 43 66
335 43 65
868 43 65
756 43 65
896 43 65
595 43 64
288 44 64
600 44 64
649 44 64
316 44 63
870 44 61
549 44 61
871 44 61
575 44 60
519 44 59
586 44 59
265 44 59
148 44 58
30 45 58
136 45 58
299 45 57
5 45 56
899 45 56
503 45 56
806 45 55
766 45 54
669 45 54
62 45 54
401 45 53
719 45 53
432 45 53
102 45 52
509 45 50
944 45 49
223 45 48
357 45 48
462 45 48
954 46 47
547 46 45
514 46 45
741 46 43
550 46 42
529 46 41
833 46 40
74 46 40
996 46 40
473 47 39
333 47 38
767 47 36
234 47 34
882 47 32
621 47 31
600 47 31
743 47 30
948 47 30
325 47 29
583 47 29
923 47 29
350 47 28
482 48 27
523 48 27
493 48 27
269 48 27
969 48 25
352 48 24
952 48 24
654 48 23
636 48 23
811 48 20
539 48 20
266 48 19
978 48 19
628 48 19
476 48 18
912 48 18
898 49 16
325 49 15
712 49 14
937 49 14
556 49 14
162 49 14
225 49 13
69 49 13
532 49 13
758 49 12
869 49 12
907 49 11
164 49 11
541 49 10
86 49 10
869 50 9
117 50 9
769 50 8
516 50 7
962 50 6
249 50 6
827 50 5
227 50 4
876 50 3
544 50 3
3 50 2
842 50 1
834 50 1
