650 2 8
332 50 500
650 50 498
230 50 497
61 50 497
993 50 497
93 50 497
558 50 497
869 50 496
339 50 496
84 50 496
908 50 495
710 50 494
497 49 494
36 49 494
9 49 490
163 49 489
991 49 488
788 49 488
14 49 487
577 49 486
944 49 486
125 49 485
5 49 485
945 49 485
953 49 485
987 49 485
56 48 483
92 48 483
420 48 482
102 48 482
113 48 481
695 48 480
317 48 480
10 48 479
741 48 478
685 48 476
877 48 472
897 48 471
638 48 471
444 48 470
888 48 465
19 47 463
283 47 461
519 47 461
293 47 461
404 47 461
862 47 460
835 47 459
874 47 458
844 47 457
162 47 457
670 47 456
777 47 455
836 46 455
118 46 455
545 46 454
939 46 454
923 46 454
507 46 453
614 46 453
575 46 452
208 46 450
742 46 446
52 46 446
734 46 446
658 46 445
394 46 445
471 46 444
983 45 444
867 45 443
797 45 442
77 45 442
178 45 441
636 45 439
493 45 439
260 45 438
867 45 437
338 45 436
583 45 436
886 45 435
949 44 435
750 44 433
660 44 432
118 44 431
425 44 431
826 44 431
57 44 431
981 44 430
90 44 430
646 44 429
185 44 427
301 44 426
205 43 425
507 43 425
257 43 424
991 43 424
570 43 424
983 43 424
487 43 424
127 43 423
905 43 423
631 43 423
568 43 422
525 42 421
532 42 420
595 42 419
485 42 419
615 42 418
927 42 418
442 42 418
137 42 417
753 42 417
886 42 413
631 42 413
90 42 411
527 42 411
860 41 410
171 41 410
921 41 410
1 41 410
59 41 410
34 41 409
1000 41 409
341 41 408
780 41 408
554 41 407
303 41 406
67 41 406
300 40 405
941 40 405
498 40 404
209 40 404
154 40 402
559 40 399
307 40 399
863 40 399
25 40 399
771 40 399
7 40 398
245 40 398
886 40 397
601 40 396
272 39 393
688 39 393
144 39 392
330 39 390
31 39 390
259 39 389
262 39 388
356 39 388
899 39 386
962 38 386
89 38 385
528 38 385
234 38 384
906 38 383
216 38 383
921 38 383
11 38 382
125 38 382
266 38 382
495 38 382
198 38 382
673 38 381
484 37 381
649 37 380
313 37 380
120 37 379
22 37 379
506 37 378
511 37 377
482 37 377
948 37 376
106 37 375
287 36 374
70 36 374
118 36 373
389 36 373
759 36 373
464 36 373
244 36 372
280 36 372
34 36 371
660 36 371
146 36 371
135 36 370
605 36 369
984 36 368
380 36 367
900 36 366
714 36 366
80 36 365
454 35 364
363 35 364
783 35 363
51 35 362
459 35 362
425 35 360
359 35 359
371 35 359
176 35 359
666 34 359
530 34 358
330 34 357
291 34 356
633 34 355
731 34 355
768 34 353
549 33 353
770 33 352
30 33 352
856 33 352
562 33 351
811 33 351
36 33 350
202 33 349
289 33 347
490 33 347
404 33 347
188 33 346
828 33 346
784 33 346
88 33 345
425 33 345
110 32 342
755 32 341
73 32 340
187 32 340
779 32 339
577 32 337
224 32 337
125 32 336
753 32 336
944 32 335
922 32 335
257 32 335
529 32 335
634 32 335
975 32 335
537 32 334
962 32 334
854 31 333
88 31 331
865 31 331
674 31 331
98 31 330
170 31 329
137 31 328
657 31 328
300 31 328
963 31 328
744 31 328
965 31 326
896 30 326
720 30 326
331 30 325
396 30 323
148 30 322
721 30 322
190 30 321
113 30 321
55 30 320
529 30 318
945 29 316
374 29 315
615 29 315
541 29 314
828 29 311
554 29 309
226 29 308
593 29 305
933 29 305
71 29 301
477 29 301
537 29 301
254 29 300
386 29 300
760 29 297
19 29 297
900 29 297
816 29 296
938 29 296
671 29 295
817 28 294
618 28 294
848 28 290
999 28 290
531 28 289
477 28 289
921 28 288
81 28 287
294 28 286
233 28 286
942 28 286
630 28 285
772 28 285
779 27 285
997 27 283
822 27 280
645 27 279
768 27 279
916 27 279
554 27 278
913 27 278
985 27 278
530 27 277
14 27 277
570 27 277
502 27 276
561 27 276
553 26 275
295 26 275
704 26 274
696 26 272
306 26 271
531 26 269
504 26 269
69 26 267
777 26 267
629 26 267
413 26 265
616 26 265
559 26 263
352 25 263
893 25 261
546 25 261
922 25 259
778 25 258
708 25 258
548 25 258
849 25 258
265 25 258
770 25 257
572 25 257
121 25 256
889 25 256
260 25 253
666 24 252
722 24 252
131 24 252
281 24 250
314 24 249
425 24 249
56 24 248
191 24 248
10 24 248
466 24 247
43 24 247
937 24 247
386 24 246
761 24 245
820 24 244
712 24 244
947 24 243
614 24 243
712 23 242
892 23 241
280 23 241
691 23 241
918 23 240
292 23 239
673 23 238
826 23 238
181 23 238
425 22 237
247 22 233
536 22 233
880 22 233
396 22 232
618 22 231
249 22 230
68 22 230
487 22 229
781 22 229
582 22 228
24 21 228
47 21 227
643 21 227
474 21 225
131 21 225
548 21 224
123 21 223
924 21 223
468 21 222
754 21 222
719 21 222
425 21 222
890 21 220
343 20 219
579 20 218
826 20 218
540 20 217
601 20 217
40 19 217
246 19 216
291 19 216
35 19 215
296 19 213
76 19 212
307 19 211
652 19 210
155 19 210
655 19 205
264 19 203
533 19 202
648 18 202
93 18 202
238 18 201
5 18 201
784 18 200
270 18 200
192 18 199
939 18 199
829 18 198
46 18 197
442 18 197
222 18 196
920 17 196
687 17 195
987 17 194
900 17 192
79 17 192
38 17 192
649 17 191
654 17 189
21 16 189
295 16 186
760 16 185
300 16 184
171 16 183
960 16 183
750 16 182
250 16 181
372 15 181
304 15 180
765 15 179
398 15 179
487 15 176
2 15 175
812 15 171
701 15 170
453 15 170
434 14 169
695 14 169
242 14 169
402 14 168
922 14 166
178 14 166
58 14 165
713 14 164
697 14 164
77 14 162
542 14 161
592 14 161
225 14 160
505 14 158
350 14 157
355 14 157
371 14 156
529 13 156
271 13 155
636 13 154
193 13 153
939 13 152
777 13 152
416 13 151
856 13 149
606 13 149
815 13 148
252 13 147
633 13 147
78 13 147
699 12 146
822 12 144
410 12 144
386 12 142
973 12 140
152 12 139
357 12 139
927 12 139
656 12 138
80 12 138
236 12 137
53 11 135
546 11 135
115 11 134
808 11 134
287 11 132
390 11 132
159 11 131
533 11 130
24 11 130
560 11 129
472 11 125
339 11 124
201 10 123
796 10 123
970 10 123
596 10 120
175 10 117
819 10 116
965 10 115
333 10 114
289 10 113
347 10 112
959 10 110
474 10 110
319 9 109
241 9 105
955 9 105
763 9 105
790 9 105
758 9 103
407 9 101
685 9 100
256 9 100
788 9 99
99 9 98
110 9 98
760 9 96
235 9 96
229 9 95
897 9 95
307 9 93
956 9 93
602 9 93
634 9 91
106 9 91
256 9 90
655 8 90
30 8 89
108 8 89
974 8 88
325 8 88
370 8 87
512 8 87
713 8 87
963 8 86
239 8 85
512 8 84
442 7 84
341 7 83
711 7 83
42 7 80
822 7 79
747 7 78
383 7 76
736 7 76
574 7 75
108 7 74
752 7 73
279 7 73
463 7 73
97 7 72
491 7 71
172 7 70
702 7 69
542 6 68
441 6 67
410 6 66
154 6 64
579 6 61
532 6 60
249 6 59
445 6 59
569 6 59
862 6 58
392 6 58
56 6 58
879 5 57
844 5 57
363 5 57
307 5 55
340 5 54
278 5 54
839 5 54
686 5 54
7 5 54
774 5 53
666 5 52
942 5 51
387 5 50
282 5 49
393 5 48
471 4 47
438 4 47
400 4 46
633 4 45
186 4 44
88 4 43
285 4 42
446 4 42
292 4 40
345 4 39
137 4 37
738 4 37
555 4 37
147 4 36
795 4 35
749 4 32
734 4 32
631 4 30
109 4 30
762 4 30
312 4 29
947 4 29
987 4 29
219 4 29
576 4 29
401 4 28
902 4 28
787 4 27
112 3 27
51 3 26
799 3 26
729 3 25
679 3 24
530 3 24
794 3 23
468 3 23
237 3 23
733 3 21
577 3 19
18 3 18
835 3 16
510 3 16
441 2 16
387 2 15
605 2 15
649 2 14
253 2 14
618 2 14
229 2 11
583 2 11
414 2 11
611 2 11
453 2 10
351 2 10
68 2 7
415 2 7
241 1 7
659 1 7
283 1 7
181 1 7
534 1 6
656 1 6
484 1 6
236 1 4
963 1 4
111 1 3
