150 4 3
628 50 500
473 50 499
939 50 482
745 50 481
855 49 479
539 49 477
772 49 472
78 49 471
631 48 468
97 48 466
400 47 464
503 47 464
444 46 463
286 46 459
97 45 450
137 45 450
213 45 448
863 44 444
618 44 443
407 44 443
554 43 441
32 43 439
693 43 435
175 43 427
723 42 425
798 42 425
523 42 424
927 42 424
891 42 423
964 42 422
792 41 418
797 40 414
555 39 413
753 39 411
455 38 409
19 38 405
644 37 402
967 37 400
202 36 395
985 36 394
277 36 390
47 36 387
422 36 380
781 35 366
845 34 365
759 33 360
782 33 359
485 33 359
605 32 352
957 32 347
103 32 346
853 32 342
133 32 340
701 31 336
651 31 332
164 31 328
761 30 324
278 30 317
773 28 310
313 28 292
216 27 289
195 27 288
375 27 285
115 27 282
217 27 282
774 27 281
83 27 280
942 26 279
931 26 276
711 26 271
125 26 271
529 26 269
431 26 257
426 25 256
881 25 256
724 25 254
740 24 249
742 24 247
446 24 244
390 24 241
879 23 239
169 23 235
230 23 229
125 23 227
420 23 226
721 22 224
457 22 221
319 22 220
629 21 218
109 21 213
173 21 209
517 20 197
798 20 196
930 20 190
684 20 190
952 20 175
955 19 161
258 19 158
946 19 155
979 19 155
639 18 148
479 18 139
218 18 139
624 18 132
402 18 123
990 17 114
228 17 113
206 17 112
477 17 111
974 17 109
180 16 109
840 16 108
645 15 105
71 15 88
106 15 83
105 14 81
922 13 81
455 13 79
578 13 78
260 12 75
283 11 74
879 11 68
416 10 67
616 10 64
200 9 63
101 9 63
10 9 61
288 9 58
964 8 54
523 8 54
729 8 53
640 8 50
893 7 47
284 7 41
180 7 37
739 7 36
945 7 35
943 7 35
411 6 32
386 6 30
166 6 27
404 6 24
830 5 23
319 4 22
933 3 17
547 3 9
56 2 8
607 1 7
468 1 6
420 1 6
