750 4 3
397 20 400
730 28 497
239 44 299
430 36 51
400 8 346
892 23 267
17 20 115
904 41 412
948 21 99
35 26 469
666 24 147
528 49 262
357 33 414
899 37 291
530 33 325
509 41 201
593 46 18
899 19 50
877 3 16
650 27 309
631 29 406
426 25 226
587 17 311
257 8 296
77 3 229
792 29 496
392 21 50
619 48 25
564 14 46
375 3 264
907 21 215
492 31 462
345 39 192
967 36 462
437 47 294
411 47 112
465 34 173
832 31 165
97 40 210
848 39 470
769 28 93
754 46 70
210 41 13
447 36 444
456 2 486
656 24 178
734 16 67
761 9 490
858 21 143
899 9 32
109 47 188
787 41 337
404 9 142
483 19 331
493 15 383
854 1 455
678 12 411
879 45 431
669 39 395
238 42 311
601 24 282
805 11 156
492 26 402
823 20 209
606 50 313
765 18 151
910 42 457
898 28 343
64 49 328
103 48 369
979 28 279
758 7 69
958 10 210
621 14 82
420 37 180
585 45 430
711 49 42
187 43 34
507 12 102
215 19 134
676 7 330
426 50 220
526 13 205
770 5 102
292 40 287
932 47 28
911 39 20
176 20 200
815 31 22
177 11 384
643 30 400
435 31 121
842 24 239
279 31 171
749 10 440
369 44 261
514 2 17
912 34 140
478 2 19
149 3 391
528 38 203
765 45 282
684 46 347
366 33 350
25 28 146
328 21 362
308 48 490
516 49 321
623 37 235
903 16 11
733 32 255
641 17 293
161 11 439
660 49 482
443 11 134
244 45 354
163 23 358
929 10 277
677 43 274
457 34 358
347 4 166
336 46 133
156 7 109
37 27 301
904 34 149
665 35 216
144 34 322
703 29 281
512 35 394
36 41 154
808 2 363
889 38 490
301 9 337
925 26 33
430 38 49
436 48 392
204 19 177
47 35 484
197 15 330
202 36 313
196 3 256
873 27 124
345 4 169
173 14 82
366 35 130
469 2 22
249 10 229
445 32 130
6 15 91
167 4 33
571 24 475
15 33 133
181 37 123
10 5 136
572 41 122
706 13 44
465 5 11
269 7 233
763 7 119
612 12 354
243 8 111
629 36 412
161 45 426
41 45 367
52 29 7
428 45 362
791 16 393
821 41 68
965 35 303
830 9 158
548 16 151
951 10 219
864 33 111
364 40 83
761 43 408
926 14 465
631 26 184
801 30 117
892 39 416
432 14 343
912 42 125
233 25 398
933 41 378
70 36 90
538 11 49
34 24 120
921 37 87
916 17 406
569 19 426
50 41 336
80 33 348
788 42 367
105 35 296
527 44 475
645 22 121
587 39 126
145 6 364
717 6 157
834 41 492
660 14 393
206 32 217
945 44 296
485 37 278
857 39 133
89 41 13
381 29 262
67 43 369
232 24 55
48 16 371
972 39 414
151 29 108
235 41 223
414 2 293
572 25 390
24 32 316
432 36 245
871 47 109
579 10 446
293 32 404
224 38 476
466 50 74
618 2 198
213 37 232
620 33 449
292 6 57
430 26 457
735 20 422
305 13 475
774 4 101
389 21 77
131 37 237
517 34 65
108 6 213
269 50 140
147 31 348
954 33 192
987 44 385
159 31 414
986 17 439
896 1 460
581 45 485
82 23 453
967 28 149
728 7 240
611 12 294
828 42 454
319 48 407
179 7 1
110 41 450
155 48 165
860 33 57
633 12 268
867 4 478
225 22 191
925 49 7
575 7 299
537 29 339
526 12 336
676 50 426
104 31 14
2 40 406
863 4 420
534 3 469
420 25 84
843 14 409
796 50 92
267 44 335
55 19 53
977 9 96
247 24 354
890 42 231
241 27 411
609 38 249
327 22 399
496 28 431
668 29 180
707 27 385
788 31 89
29 25 154
2 2 307
812 49 223
349 3 309
36 45 473
485 35 12
541 2 67
141 19 98
829 13 14
801 36 370
820 5 212
211 11 419
552 10 365
644 5 371
798 33 387
912 28 272
95 37 271
486 34 283
991 19 124
971 17 123
865 20 124
228 38 382
63 44 18
768 46 32
608 48 152
351 28 217
354 16 147
31 36 251
166 6 58
162 44 209
115 39 490
585 16 417
840 30 314
250 22 78
501 36 6
404 44 138
414 18 142
910 36 122
398 33 17
463 11 464
455 17 496
150 38 385
177 45 210
913 50 167
350 1 407
561 9 250
48 24 455
251 19 170
291 26 372
150 18 361
652 3 162
78 30 150
408 4 143
781 44 189
130 6 367
47 15 150
430 44 51
399 20 309
314 1 395
686 14 417
460 25 158
408 9 330
190 35 29
566 33 164
939 15 38
885 17 419
332 40 391
22 13 392
993 31 366
105 43 48
26 12 335
389 32 341
168 21 338
235 2 209
76 33 36
900 30 87
235 11 44
378 45 124
508 1 215
469 1 117
37 34 318
576 34 251
318 46 239
970 46 367
317 37 4
301 25 216
629 4 166
527 31 449
50 3 50
587 29 24
183 45 198
656 44 413
646 18 263
696 18 26
17 1 77
943 8 31
731 17 295
249 6 201
887 34 108
286 3 60
631 23 243
762 6 232
939 10 454
747 10 489
893 31 247
906 27 462
409 2 77
656 16 403
218 27 375
204 2 299
420 42 458
946 32 35
9 31 296
673 5 133
848 41 348
577 46 60
4 15 175
793 29 269
229 16 400
701 21 97
46 49 72
929 17 345
587 31 482
186 21 164
810 4 133
447 48 163
991 36 483
58 25 90
898 8 272
329 30 477
353 10 194
40 7 317
197 33 495
21 17 20
952 23 22
740 41 216
793 15 432
898 50 279
180 14 188
242 11 319
576 19 94
891 46 464
447 17 129
645 8 458
458 42 383
692 39 74
504 21 79
280 47 337
720 18 171
925 12 490
796 16 120
629 35 89
824 6 466
709 30 161
491 43 161
478 20 301
250 1 127
865 40 60
988 49 426
8 16 413
630 42 37
722 43 122
5 10 150
352 48 372
87 43 403
693 20 290
538 24 186
965 26 465
360 47 372
220 15 208
569 27 170
812 28 56
945 14 288
667 24 15
134 6 432
898 36 371
391 45 402
845 33 26
969 6 202
708 31 40
998 1 358
725 23 205
457 45 59
578 27 58
875 38 154
369 16 131
243 24 498
729 22 452
186 33 7
858 6 124
685 28 323
72 4 159
361 1 407
327 4 497
729 23 103
522 41 220
240 50 183
135 40 352
847 15 171
281 1 362
102 25 491
390 49 327
43 48 36
123 19 220
529 29 408
767 38 212
815 27 18
414 38 290
121 49 346
169 11 242
246 32 308
575 7 387
81 26 267
629 42 489
926 50 49
440 15 348
955 17 488
19 9 492
167 42 225
824 34 66
648 7 259
989 30 13
981 31 322
555 13 377
977 39 345
676 30 245
775 50 245
897 3 213
125 8 163
207 40 81
539 39 176
253 28 481
991 39 462
339 25 413
384 47 211
252 13 454
451 41 263
77 36 416
750 29 153
333 14 310
493 14 205
738 16 250
900 49 285
942 28 129
414 41 357
440 32 393
863 23 425
324 9 239
941 18 187
190 13 455
451 29 414
37 32 354
958 2 392
399 32 106
241 13 162
424 35 447
473 30 92
533 43 259
621 13 384
235 14 299
329 16 263
233 42 336
969 3 146
556 46 98
624 29 168
983 29 164
978 15 226
297 35 371
276 37 322
527 21 353
822 46 474
42 44 41
408 2 478
726 29 249
648 22 233
822 31 239
361 1 113
179 45 35
968 49 260
330 14 87
75 42 319
271 46 25
99 30 337
221 9 492
296 35 239
940 24 343
212 21 404
488 12 181
429 4 415
183 22 226
301 24 268
739 1 166
953 41 103
177 44 91
501 25 397
195 9 351
619 37 301
535 12 464
862 48 29
895 45 225
855 32 131
969 27 264
411 19 36
449 48 329
317 7 318
753 30 364
108 48 296
369 3 119
742 38 468
658 13 54
926 13 22
741 16 223
475 29 409
377 48 150
899 17 435
309 2 200
268 12 350
96 43 228
410 5 280
370 6 122
650 49 387
397 18 307
660 38 265
717 3 151
425 14 139
802 36 53
276 8 261
685 45 74
438 41 62
582 7 320
384 40 64
419 20 491
457 21 51
937 14 430
298 9 417
71 37 467
960 49 76
725 12 222
909 43 199
189 14 99
192 19 80
73 14 401
261 5 62
810 38 69
264 38 328
176 41 125
975 19 234
279 50 43
596 38 54
118 11 268
128 24 229
784 26 412
314 33 134
795 46 282
966 31 336
494 29 309
61 16 370
121 10 113
401 14 145
399 12 168
604 10 46
928 15 197
669 40 259
447 31 361
574 1 418
633 38 425
446 16 449
872 11 210
13 13 269
624 12 428
543 41 472
645 15 487
988 20 222
843 40 150
983 41 329
140 5 187
502 14 113
280 50 54
762 37 156
392 16 384
124 36 363
428 41 453
905 10 76
190 12 237
835 8 379
662 16 178
791 14 248
712 36 105
640 43 410
234 25 461
784 31 462
581 4 473
881 6 182
241 28 82
295 1 118
353 35 440
601 25 56
815 27 3
931 11 334
103 10 108
512 13 300
645 5 121
630 41 409
156 11 109
509 17 278
118 44 424
395 38 407
888 24 425
969 37 231
885 44 210
642 31 232
13 18 435
481 37 336
452 45 70
922 26 113
473 14 53
632 42 331
616 25 315
611 43 325
768 44 297
839 4 493
512 27 32
966 37 63
522 23 21
449 28 261
294 39 360
891 37 186
915 5 139
904 30 220
901 32 218
526 18 234
825 14 459
765 10 157
713 27 190
581 45 465
856 49 31
296 39 108
4 23 315
730 37 39
745 50 149
573 46 198
852 7 321
513 21 322
977 15 292
567 31 3
323 11 231
966 15 323
333 26 98
317 3 380
911 46 258
317 42 459
818 44 115
677 9 297
769 2 110
422 48 397
946 41 23
145 2 112
306 17 474
180 34 317
275 16 2
340 49 244
975 44 367
354 39 174
609 21 416
57 48 369
110 33 494
674 43 256
3 34 288
857 22 8
41 37 495
130 46 74
388 29 33
