300 6 9
60 50 1
143 50 2
568 50 3
114 50 8
793 49 9
170 49 13
67 49 14
816 49 15
715 48 16
841 48 20
536 48 24
46 48 25
756 47 28
709 47 34
800 47 36
568 47 38
97 46 38
910 46 40
3 46 40
492 45 43
579 45 44
878 45 46
94 45 47
7 45 50
855 44 51
355 44 51
982 44 54
486 44 55
590 44 59
188 44 64
436 44 64
913 44 65
545 44 68
140 44 68
844 43 74
681 43 74
134 43 75
164 43 75
443 43 76
930 43 78
783 42 78
651 42 78
412 42 80
148 42 80
453 42 83
233 42 84
760 42 85
476 41 86
841 41 93
545 41 93
312 41 94
767 41 99
354 41 99
157 41 99
488 41 100
782 40 101
80 40 102
803 39 103
137 39 107
484 39 109
324 39 109
204 39 109
259 39 111
517 39 111
874 39 111
973 39 113
86 39 114
801 39 115
404 38 116
23 38 117
315 38 117
214 38 122
540 38 123
58 38 124
372 37 125
380 37 125
909 37 125
638 37 126
700 37 128
153 37 128
991 37 128
433 37 132
332 37 134
741 37 135
389 36 136
973 36 138
931 36 141
895 36 142
101 36 142
561 36 142
849 35 144
934 35 148
403 35 150
375 35 151
17 35 152
917 35 153
666 34 155
926 34 159
625 34 161
806 34 162
48 34 163
254 34 164
223 34 164
39 33 170
237 33 171
448 33 172
617 32 177
969 32 179
912 32 180
224 32 181
481 31 182
381 31 182
710 31 183
971 31 185
380 31 186
513 31 190
872 31 192
2 31 198
181 31 198
800 31 201
88 31 204
313 30 205
834 30 210
208 30 210
919 30 212
609 29 215
314 29 215
61 29 218
750 29 219
289 28 221
666 28 224
771 28 226
815 28 226
892 28 227
3 28 228
984 28 229
191 28 229
59 27 230
394 27 237
368 27 238
498 26 245
819 26 247
108 26 247
730 26 248
723 26 250
161 26 255
563 25 255
168 25 258
423 25 258
26 25 258
825 25 261
708 25 262
109 24 263
96 24 263
200 24 264
893 24 268
412 24 269
438 24 272
195 23 273
81 23 274
880 23 275
892 23 277
869 23 277
540 23 282
731 22 284
846 22 288
468 22 290
631 22 292
412 22 295
767 21 296
257 21 298
316 21 304
215 21 307
851 20 308
167 20 309
566 20 309
817 20 310
881 20 311
318 20 315
845 19 321
262 19 322
736 19 323
475 19 323
127 19 326
112 19 326
145 19 326
78 18 327
402 18 327
614 18 328
113 17 330
743 17 334
645 17 338
71 17 339
34 17 339
893 17 341
63 17 342
561 17 343
792 16 344
701 16 347
167 16 347
187 16 348
150 16 349
475 16 351
634 16 351
91 16 351
739 15 351
520 15 354
331 15 355
460 15 356
183 15 356
17 15 356
629 15 357
824 15 357
287 15 359
911 15 359
292 15 362
486 15 362
168 14 362
904 14 364
274 14 368
216 13 369
384 13 370
138 13 370
973 13 370
828 13 371
840 13 372
519 13 372
117 12 376
397 12 378
205 12 379
665 12 380
692 12 382
709 12 385
374 12 385
212 12 386
254 12 386
129 12 389
48 11 390
58 11 392
863 11 395
465 11 397
205 11 398
807 11 400
444 10 401
75 10 403
100 10 405
858 10 410
505 10 410
482 10 411
697 10 412
732 10 414
818 9 415
784 9 415
309 9 416
808 9 417
733 9 418
765 9 418
664 8 421
431 8 422
300 8 422
379 8 422
131 8 423
910 8 426
689 7 428
96 7 429
874 7 432
855 7 432
331 6 433
215 6 435
774 6 438
233 6 438
677 6 438
523 5 439
129 5 440
989 5 441
524 5 443
449 4 448
162 4 449
526 4 457
545 3 460
313 3 461
217 3 461
540 3 466
725 2 468
464 2 471
293 2 472
205 2 476
473 2 478
990 2 480
216 2 486
168 2 486
384 2 487
551 2 489
732 2 490
48 2 494
252 2 496
568 1 496
270 1 497
817 1 497
245 1 498
