100 9 7
646 47 129
305 3 15
188 13 303
559 28 4
432 50 47
529 9 298
776 11 320
496 50 431
522 21 462
87 38 337
737 11 406
796 45 7
975 8 286
649 15 68
285 34 237
771 27 222
288 45 202
649 34 23
75 50 32
487 8 310
66 25 445
768 42 55
242 15 154
594 27 38
485 18 316
348 39 288
699 25 468
515 10 124
21 10 149
193 13 67
660 16 148
978 40 4
167 16 54
109 8 433
691 43 229
490 25 26
953 27 164
956 5 58
563 11 300
437 1 34
246 38 283
403 27 267
135 13 111
891 13 286
245 29 84
376 36 274
106 29 273
60 16 49
566 38 294
439 15 480
224 48 30
357 38 255
352 17 274
168 15 418
301 37 365
151 47 330
450 33 15
196 8 298
135 38 96
106 1 423
436 20 86
887 24 158
320 25 211
112 29 494
144 35 268
759 36 71
277 47 317
485 18 412
979 19 485
756 47 215
701 25 53
164 19 19
66 15 359
825 28 428
176 31 329
981 6 4
292 48 221
767 41 324
949 48 213
499 42 121
250 13 465
361 29 290
735 11 219
73 45 486
125 20 322
930 3 248
125 39 179
563 4 230
756 50 284
275 43 177
107 44 394
130 5 443
568 38 393
281 20 147
593 32 48
505 26 287
791 33 75
980 2 201
462 11 291
749 15 162
