550 5 4
723 37 313
131 50 173
182 43 63
963 16 224
329 25 154
39 22 53
183 13 107
998 8 229
505 49 327
87 24 47
367 2 244
392 8 462
260 46 76
631 30 16
669 44 23
765 26 167
659 44 418
70 3 357
677 39 113
486 43 317
863 4 246
730 49 265
516 31 104
361 21 281
349 16 20
429 16 20
46 38 19
939 43 185
444 42 277
519 9 483
598 46 443
162 32 169
230 29 326
37 5 483
249 18 35
355 26 220
920 37 394
127 14 293
319 40 6
219 18 174
207 20 382
55 21 40
751 37 471
441 4 89
512 25 400
892 49 145
230 48 369
697 30 83
851 45 61
414 10 249
500 41 485
549 30 171
853 32 212
28 45 41
947 17 409
604 19 1
15 18 453
296 21 384
309 24 38
717 44 392
983 36 55
220 49 382
777 6 462
77 35 478
258 8 246
30 43 255
2 40 189
669 29 479
156 28 21
110 28 344
180 34 283
48 36 31
581 29 144
24 43 309
228 45 476
72 4 363
937 2 334
412 2 185
667 40 200
816 26 332
363 16 6
147 22 8
319 3 72
892 10 150
718 49 339
779 20 450
222 6 9
390 4 423
224 26 99
427 20 266
848 42 161
258 30 447
325 22 332
802 23 1
399 39 136
58 42 93
68 14 31
545 34 85
118 21 374
517 35 33
17 18 147
889 6 310
228 50 26
960 15 470
424 24 228
471 8 83
651 3 123
791 15 371
226 30 150
27 8 15
681 23 179
845 2 456
374 43 332
544 48 75
554 30 21
200 21 238
142 31 427
621 17 9
89 39 34
265 21 225
732 34 49
657 37 435
721 36 410
983 33 15
527 48 134
885 44 41
652 47 465
619 4 79
360 48 174
219 24 49
983 23 153
535 38 415
435 31 212
20 8 368
841 45 359
993 35 477
227 38 79
583 48 106
806 38 211
164 12 342
30 8 380
21 21 328
692 26 380
150 35 441
129 10 208
249 45 347
233 6 101
708 36 485
560 8 193
245 38 301
247 29 134
786 50 133
766 45 496
223 43 3
262 42 211
455 19 408
428 34 244
353 8 1
388 21 89
286 43 414
313 25 118
104 11 150
963 27 270
568 43 413
566 4 124
620 42 221
823 29 2
341 32 206
955 50 157
485 13 270
203 4 32
770 5 127
762 24 53
79 37 334
279 40 310
877 47 314
111 2 98
132 16 481
57 3 378
236 16 152
218 9 99
239 33 418
13 29 6
820 38 465
986 35 247
448 40 489
50 30 120
206 12 13
271 25 322
363 9 93
594 23 123
156 43 95
35 17 153
219 13 77
621 49 206
858 23 174
877 7 364
691 29 393
491 44 483
497 43 47
195 19 158
813 4 127
5 1 323
837 33 311
642 28 192
715 31 307
119 17 396
503 28 258
860 5 322
730 17 420
380 11 256
740 43 70
719 35 499
311 44 44
430 9 430
717 1 331
21 28 140
521 41 95
241 28 392
193 24 282
68 47 465
157 24 74
971 14 21
780 48 314
626 23 32
872 21 70
841 26 372
260 33 90
878 4 39
559 39 141
873 21 417
57 46 362
103 48 421
946 17 380
1000 45 287
370 45 21
451 46 149
606 22 423
504 21 324
159 5 415
405 34 163
153 37 434
496 4 457
713 22 493
66 14 407
368 5 28
640 30 243
935 9 145
898 24 132
197 14 299
775 50 7
722 27 144
526 12 275
980 33 319
306 33 129
729 47 3
372 3 154
836 21 413
388 50 344
559 42 474
899 18 237
890 49 32
381 42 238
248 39 161
148 31 294
128 44 278
720 46 312
708 27 50
415 33 164
44 48 232
469 27 8
587 24 428
165 16 366
805 24 316
944 22 372
158 26 497
368 50 89
912 7 41
860 38 419
543 36 165
109 17 246
113 9 190
712 8 122
255 13 291
611 28 366
796 11 320
69 25 93
54 45 387
938 13 288
531 49 242
880 31 439
289 28 274
97 40 498
953 2 314
298 33 452
172 6 334
757 36 3
764 12 373
242 49 167
527 32 233
98 30 237
586 6 404
283 40 58
293 29 421
361 13 86
490 30 230
416 21 474
192 48 351
638 46 200
930 8 319
929 4 90
640 42 101
275 27 32
376 9 44
984 24 88
788 10 278
189 23 292
882 45 426
333 29 43
336 41 136
426 15 74
360 41 252
451 3 473
189 40 229
989 29 286
929 15 247
317 25 445
367 12 324
63 7 414
490 16 124
8 11 15
31 33 231
2 43 432
770 7 478
414 21 56
210 13 390
524 28 436
66 11 108
636 9 45
33 10 358
238 33 21
994 17 251
153 45 322
184 26 292
327 38 407
839 28 356
316 32 437
995 45 150
777 47 383
800 23 91
225 6 484
387 1 367
831 35 263
871 3 208
167 10 308
39 25 420
257 18 117
804 25 372
849 32 195
558 41 147
252 15 107
661 30 337
704 14 433
473 20 180
290 28 14
258 40 447
689 36 71
389 2 2
234 7 168
652 45 302
1000 48 425
271 1 331
77 41 42
564 11 248
961 18 134
681 50 94
758 22 91
929 15 220
575 14 194
426 46 134
500 9 2
900 18 341
99 33 468
235 48 225
654 11 300
253 45 14
546 34 294
428 23 86
450 11 336
864 34 240
556 7 151
188 29 326
19 23 160
194 39 30
557 37 448
568 22 483
230 2 437
164 46 497
345 10 7
308 14 39
776 50 469
18 47 243
969 26 137
869 10 294
815 4 421
844 37 58
924 4 210
456 49 10
867 25 463
403 4 38
701 43 207
44 43 363
960 41 390
728 14 388
648 35 203
243 27 228
386 14 61
710 50 162
15 49 191
662 8 472
244 32 213
871 7 379
463 8 281
319 11 203
558 42 59
652 29 292
915 37 61
352 22 384
577 17 435
461 26 82
674 8 364
505 16 220
962 29 288
72 15 156
386 19 53
688 15 110
208 20 156
607 2 305
928 37 21
81 47 66
650 14 104
193 31 403
178 1 138
414 21 348
810 27 13
26 45 142
283 27 325
216 44 265
383 19 10
525 6 95
283 32 486
676 37 13
355 19 234
255 39 130
377 4 257
313 33 421
17 20 188
983 39 123
30 32 47
710 40 124
505 47 363
98 27 93
799 13 398
833 30 25
170 22 269
411 9 461
438 1 314
507 11 379
300 44 137
639 24 26
710 29 137
616 22 405
280 11 265
454 48 106
266 13 185
402 5 94
398 40 68
284 33 445
793 4 434
582 5 53
802 17 366
655 11 262
488 25 147
535 4 162
795 8 350
3 47 415
636 17 227
647 25 176
608 11 261
265 3 202
762 39 298
509 23 171
472 43 177
13 33 475
997 35 96
392 10 218
22 3 123
543 19 454
363 4 47
914 16 74
286 37 299
793 48 248
445 33 92
16 13 39
1 25 139
430 40 313
593 47 120
6 17 224
520 23 216
404 16 260
334 43 497
265 46 34
254 42 113
303 20 291
132 21 115
317 25 110
407 30 33
302 40 368
981 26 275
101 36 404
1000 17 204
851 28 207
307 16 391
409 44 56
923 50 137
636 37 239
904 30 92
18 12 491
506 28 355
663 21 214
620 37 232
585 47 295
748 31 262
193 5 343
207 35 483
166 40 64
839 21 318
982 43 50
988 28 298
566 42 79
915 26 352
932 45 252
341 34 372
804 11 102
656 28 189
490 28 406
25 14 377
625 24 426
877 37 39
262 32 149
