300 8 3
752 40 240
76 8 404
636 39 354
707 49 15
226 19 181
163 15 70
55 12 367
873 36 199
806 37 72
895 33 154
438 14 320
104 1 223
15 25 362
238 18 352
390 40 156
101 48 207
742 29 258
148 31 182
189 43 211
218 2 490
402 34 207
853 36 484
283 31 422
580 24 453
933 24 438
449 13 140
484 16 79
630 2 443
69 14 14
658 44 214
211 6 324
595 38 47
428 14 320
746 8 225
181 14 31
670 37 445
437 14 306
1 10 242
977 24 485
390 15 168
35 22 231
731 26 438
793 1 408
685 48 339
711 30 366
166 34 404
455 2 70
119 3 3
605 3 153
401 37 57
813 5 33
215 10 368
180 32 53
369 4 394
841 37 74
436 25 272
961 33 388
894 10 456
637 49 102
122 41 372
328 35 475
410 34 155
384 11 275
797 11 424
262 45 118
34 34 134
251 43 295
169 2 286
109 27 185
670 45 303
755 36 462
372 29 382
293 4 412
75 16 425
575 50 351
732 43 433
795 12 487
625 30 160
526 20 238
221 28 267
257 44 69
743 14 61
936 32 169
706 17 92
146 50 20
714 3 336
14 50 314
788 11 307
841 5 235
677 11 73
607 21 288
816 30 70
717 21 487
427 4 401
186 22 102
434 49 342
82 41 358
329 32 301
410 46 157
783 31 11
127 7 198
607 40 249
130 34 373
865 15 129
376 10 79
445 17 83
533 9 256
419 31 477
872 22 329
259 30 220
977 2 407
603 29 303
421 4 29
745 13 411
866 25 98
711 48 145
280 10 22
86 43 337
446 2 179
208 47 385
735 12 424
388 8 90
832 45 151
330 15 392
992 33 213
833 41 150
261 26 433
285 38 306
861 24 417
681 20 49
990 9 488
446 25 203
735 23 441
448 48 99
89 2 199
566 11 456
281 46 338
900 25 275
680 32 452
676 10 476
290 11 172
911 36 332
156 41 118
286 7 346
565 21 186
267 9 487
86 32 93
970 2 175
457 27 320
695 3 349
451 33 417
795 19 377
609 9 285
607 4 120
235 1 34
798 11 163
495 47 483
896 28 392
966 13 27
747 12 184
506 7 34
472 22 200
514 25 57
641 26 99
296 34 205
765 11 495
764 30 408
954 46 96
802 12 16
773 28 450
66 8 397
957 46 265
140 40 391
451 31 164
450 10 19
746 40 173
606 18 82
194 16 344
650 25 492
599 12 295
386 34 127
154 47 276
395 4 379
705 44 204
17 37 385
664 38 246
60 41 497
735 18 49
236 20 311
979 43 297
480 6 145
456 44 23
781 46 434
714 14 266
364 1 109
587 19 33
528 37 408
833 5 320
240 39 31
991 13 101
529 28 194
66 13 187
992 14 289
361 9 293
35 26 280
697 21 12
639 30 421
914 39 380
10 1 268
985 42 87
992 10 124
187 27 100
790 25 489
683 26 342
714 2 310
119 49 26
309 32 285
517 10 309
222 9 276
848 16 24
316 16 267
151 22 111
703 48 3
270 24 185
954 48 120
793 48 376
358 9 473
378 23 235
192 27 288
761 17 238
448 44 61
497 47 127
625 2 166
465 34 287
622 24 10
475 7 166
650 42 125
134 12 156
344 5 53
795 19 199
239 15 373
668 26 331
901 9 82
24 43 102
458 43 407
61 30 143
579 34 2
489 7 98
424 32 132
145 49 109
567 48 87
463 42 348
618 14 309
144 45 396
744 1 252
412 36 132
701 45 320
803 24 493
581 17 136
745 1 172
31 35 115
985 1 73
217 50 430
869 1 301
654 20 184
254 39 497
552 28 390
473 47 70
766 39 43
950 11 300
816 47 15
912 20 429
119 37 115
55 43 29
910 3 325
147 43 213
242 4 408
686 49 243
986 32 275
874 7 58
806 15 207
824 32 321
697 29 267
527 27 451
667 36 46
786 44 482
727 14 365
364 36 5
610 16 311
699 44 270
70 46 421
484 42 393
503 28 343
549 35 341
574 21 253
806 31 128
12 22 374
899 7 466
858 40 156
918 3 300
