400 5 10
351 30 401
101 28 212
51 4 74
201 42 394
101 11 40
101 5 72
301 7 495
301 46 141
351 18 162
201 5 347
451 35 258
251 22 39
201 16 383
401 39 410
201 31 386
51 7 486
351 44 491
301 37 410
51 49 410
401 45 255
401 10 210
301 6 311
351 24 485
451 40 400
401 48 77
201 22 183
201 46 125
201 46 481
351 13 101
351 34 431
351 50 309
51 34 165
151 22 232
251 6 371
301 43 68
401 7 436
201 35 224
101 40 48
201 41 409
151 15 67
451 30 11
51 24 283
51 22 204
351 45 172
101 19 414
401 13 97
351 27 416
251 2 84
51 35 262
401 16 427
401 42 324
451 10 68
401 15 230
251 22 12
201 3 457
301 31 17
151 40 52
101 37 477
401 12 401
151 19 472
451 20 457
251 16 77
401 5 229
451 13 297
101 7 388
251 48 230
451 15 165
351 18 402
401 38 314
151 38 184
151 5 345
401 38 101
151 43 420
251 23 438
401 48 68
351 2 52
101 38 375
151 6 126
301 18 409
351 28 306
301 37 417
101 38 107
401 21 291
251 49 203
101 11 158
301 11 110
301 49 275
151 23 427
251 25 2
351 4 484
301 10 313
301 27 176
251 10 430
201 41 16
401 40 166
451 37 287
401 1 261
301 5 57
151 16 136
201 24 473
201 22 183
301 17 355
201 23 196
51 25 251
251 16 341
151 33 408
151 2 235
401 7 276
351 44 434
201 13 342
201 43 462
451 1 142
301 3 60
251 7 316
401 22 435
251 17 345
351 10 219
301 35 141
201 42 459
401 40 484
401 2 421
151 41 108
251 44 261
451 6 498
51 15 370
351 40 323
351 36 25
451 6 421
301 19 403
351 45 171
201 11 491
451 42 253
451 39 323
151 14 114
351 10 441
101 2 418
201 12 215
401 36 325
301 42 383
301 8 247
251 19 470
201 4 252
401 23 210
101 32 450
251 10 341
151 34 247
351 35 324
451 36 14
101 30 377
401 7 430
351 6 58
201 7 7
101 39 452
201 25 177
351 17 277
151 9 346
201 18 2
251 13 171
201 7 218
301 33 357
451 35 283
201 6 206
251 47 145
451 35 26
201 49 170
401 33 356
101 15 1
101 48 104
151 4 121
51 18 48
451 40 430
101 33 354
201 1 257
401 6 120
401 18 150
301 46 453
451 47 10
451 10 324
451 36 13
151 6 393
251 19 195
151 45 212
151 4 100
451 4 100
351 49 392
401 23 499
301 46 417
151 35 139
251 34 357
301 31 147
401 11 372
201 43 118
301 26 28
351 15 408
251 41 130
351 33 327
451 31 347
301 15 2
301 48 211
151 12 419
251 31 83
201 40 115
151 48 442
301 29 465
401 11 277
151 11 355
301 37 101
101 28 339
101 21 254
301 16 114
251 49 324
451 3 207
251 41 151
101 43 156
201 22 332
451 12 47
451 1 199
101 20 133
301 18 13
351 12 430
251 35 313
301 48 107
351 11 48
251 18 276
301 36 202
401 4 446
401 1 346
51 10 97
151 13 436
201 18 343
251 18 13
101 10 318
251 5 273
151 45 41
451 20 173
51 36 419
251 4 439
251 41 480
401 39 248
251 25 69
401 20 93
151 38 347
451 1 84
301 33 304
51 21 55
201 29 157
251 20 150
151 19 429
151 28 44
251 28 165
301 23 373
451 23 107
201 48 28
201 40 108
351 42 101
401 12 136
151 3 366
351 45 404
451 31 33
201 39 255
201 21 11
401 27 311
401 2 55
401 34 137
401 15 480
151 30 161
201 19 345
251 49 137
401 36 130
451 9 255
351 18 435
301 12 125
451 23 476
401 22 210
101 13 217
251 22 231
401 29 396
451 36 160
401 41 500
101 35 464
451 13 39
301 41 57
151 29 265
301 26 117
151 14 99
201 14 257
451 27 147
151 15 152
51 20 242
451 37 38
301 27 343
451 43 306
101 23 4
451 25 379
301 29 46
301 24 292
351 32 179
351 9 33
151 23 356
151 17 483
201 8 259
51 9 65
101 31 37
151 17 297
51 1 422
351 25 178
251 21 407
51 15 133
401 47 474
151 38 420
201 36 15
401 37 430
101 30 489
451 11 255
301 20 237
151 47 53
351 39 150
201 4 239
401 2 84
451 46 302
201 27 152
401 50 372
151 44 448
351 4 438
101 43 133
201 26 358
301 41 181
451 25 399
251 27 166
301 31 179
101 23 301
201 36 300
101 34 491
401 14 418
351 17 330
251 39 231
351 7 223
51 10 333
401 43 350
451 26 377
251 46 64
451 20 349
51 31 346
401 19 154
201 48 397
151 48 345
301 35 353
301 48 219
51 33 488
51 17 425
201 26 409
351 34 389
351 1 144
301 33 34
51 34 24
351 2 150
201 6 460
351 36 389
401 9 97
401 12 43
451 25 386
351 7 292
301 15 195
251 14 73
451 29 372
201 29 417
401 4 399
51 18 133
301 24 432
451 45 17
351 37 174
451 12 5
451 33 267
351 22 488
451 25 102
151 2 472
301 5 263
101 21 412
251 12 41
201 7 466
251 40 314
151 34 104
401 20 293
451 19 97
101 48 260
201 16 304
101 17 475
401 1 195
251 19 474
401 23 179
451 4 374
351 11 370
251 15 430
301 26 316
151 23 320
101 50 94
401 29 46
451 4 382
301 13 76
201 40 178
