50 10 3
31 42 379
121 40 70
91 15 361
151 9 148
151 14 236
91 6 403
181 45 409
241 2 169
151 4 328
271 44 199
61 36 132
61 36 294
91 11 376
181 15 226
271 48 206
211 32 298
181 47 439
241 49 310
121 23 336
31 32 245
211 10 301
241 8 299
181 5 93
61 34 170
151 37 95
151 48 86
151 23 150
151 21 229
121 12 28
241 36 184
61 11 491
181 14 203
61 7 482
241 33 30
31 30 419
61 22 496
61 23 188
31 17 44
91 35 149
151 23 20
211 41 107
211 44 44
211 45 357
241 24 357
241 40 337
121 44 369
91 19 21
151 28 121
151 34 221
211 26 498
