50 5 6
550 49 500
988 49 490
431 49 480
523 48 478
430 48 476
338 47 472
347 47 468
385 47 468
508 46 458
600 46 452
272 44 452
663 43 442
167 43 408
440 43 401
432 38 391
287 38 371
880 37 362
655 36 357
857 32 342
526 31 316
246 30 307
472 30 301
874 28 296
136 27 287
703 27 278
442 26 277
329 25 275
399 25 274
613 24 265
810 24 254
615 22 231
51 18 217
50 18 216
59 17 211
281 17 159
923 14 155
178 14 149
217 14 149
588 13 139
185 13 137
444 11 115
558 11 103
195 9 98
476 9 87
772 8 81
188 8 53
680 6 40
175 6 27
904 5 22
400 1 3
