1000 10 3
703 50 500
17 50 500
828 50 500
692 50 500
570 50 499
259 50 498
299 50 497
205 50 496
877 50 494
178 50 494
811 50 493
639 50 493
992 50 493
7 50 492
199 50 491
902 50 491
524 50 491
800 50 489
311 50 489
8 50 488
242 50 488
885 50 487
168 50 487
111 50 487
335 49 486
277 49 486
472 49 486
248 49 485
196 49 485
517 49 485
780 49 484
804 49 484
94 49 484
856 49 484
359 48 484
652 48 483
358 48 482
379 48 482
121 48 481
841 48 480
982 48 480
551 48 479
99 48 479
329 48 478
774 48 478
441 48 477
786 48 475
174 48 473
315 47 472
502 47 472
648 47 472
776 47 472
612 47 472
944 47 472
994 47 471
19 47 470
440 47 470
174 47 469
6 47 469
835 47 469
767 47 469
95 47 469
614 47 468
859 47 468
699 47 467
6 47 467
482 47 467
646 46 466
970 46 466
258 46 465
925 46 465
845 46 464
987 46 464
717 46 464
214 46 463
182 46 463
771 46 463
100 46 463
416 46 463
477 46 463
579 46 462
197 46 462
952 46 461
973 46 461
800 46 461
500 46 460
468 46 460
47 46 459
342 46 459
553 46 459
803 45 459
435 45 459
18 45 459
91 45 458
116 45 456
909 45 456
666 45 455
216 45 454
110 45 453
518 45 453
371 45 452
204 45 452
201 45 452
683 45 451
560 44 451
438 44 450
864 44 449
555 44 449
345 44 448
235 44 448
724 44 447
281 44 447
759 44 447
794 44 446
862 44 445
977 44 445
842 44 445
54 44 444
240 44 444
432 43 442
998 43 442
642 43 442
296 43 442
269 43 439
168 43 438
422 43 438
82 43 438
675 43 437
688 43 437
600 43 436
337 43 436
680 43 436
501 43 435
174 43 433
306 42 433
168 42 432
447 42 430
256 42 430
86 42 430
410 42 430
957 42 429
691 42 429
970 42 428
596 42 427
547 42 426
615 42 425
12 42 425
603 42 424
720 42 422
33 42 422
259 42 421
618 42 420
370 42 420
541 42 419
275 42 419
579 41 419
158 41 419
940 41 418
260 41 418
844 41 417
648 41 417
899 41 417
799 41 414
513 41 414
467 41 413
140 41 413
92 41 413
952 41 412
925 41 412
29 40 412
755 40 412
857 40 411
10 40 411
47 40 411
85 40 410
787 40 410
532 40 410
361 40 410
302 40 410
804 40 409
932 40 409
258 40 408
705 40 408
129 40 408
47 40 407
78 40 407
647 40 407
491 40 407
584 40 407
504 40 406
694 40 406
83 40 404
198 40 404
949 40 403
299 40 403
252 40 402
250 39 402
497 39 401
684 39 401
582 39 401
807 39 400
195 39 400
931 39 399
739 39 398
398 39 397
371 39 397
482 39 397
578 39 396
164 39 396
940 39 396
824 39 395
17 39 394
443 39 394
341 39 394
294 39 394
800 38 393
50 38 392
217 38 392
305 38 392
33 38 392
169 38 391
406 38 391
884 38 389
195 38 389
694 38 388
683 38 388
305 38 388
301 38 388
405 38 388
282 38 387
571 38 387
719 38 387
552 38 386
93 37 386
299 37 384
237 37 384
882 37 382
773 37 381
718 37 380
493 37 378
465 37 378
53 37 378
727 37 377
143 37 377
56 37 375
525 37 375
630 37 374
492 37 374
526 37 374
338 37 373
756 37 373
231 37 372
711 37 371
211 37 370
570 37 370
137 37 370
412 37 369
399 37 368
126 37 368
329 37 368
985 37 368
314 37 368
40 37 368
504 37 368
419 36 367
934 36 367
383 36 367
281 36 366
941 36 366
206 36 366
211 36 365
31 36 365
918 36 364
886 36 364
95 36 364
506 36 364
400 36 363
998 36 363
445 36 363
457 36 363
103 36 361
70 36 361
445 36 360
195 36 360
963 36 360
227 36 360
388 36 358
977 36 358
884 36 357
638 36 357
997 36 357
674 35 357
90 35 356
318 35 356
262 35 355
674 35 355
783 35 355
732 35 355
842 35 354
629 35 354
217 35 353
141 35 353
878 35 352
982 35 352
583 35 352
213 35 351
650 35 351
332 35 351
158 35 350
221 35 349
479 35 349
947 35 348
553 35 348
751 35 347
487 35 347
984 35 346
596 35 345
633 35 345
685 35 345
310 35 344
51 35 343
13 34 343
570 34 342
415 34 342
244 34 342
265 34 342
777 34 341
660 34 341
701 34 340
626 34 340
152 34 340
637 34 340
659 34 338
715 34 338
3 34 338
580 34 337
864 34 336
652 34 335
126 34 335
691 34 335
152 34 335
446 34 335
191 34 335
310 34 334
224 34 333
690 34 332
854 34 332
451 34 330
380 33 330
481 33 330
971 33 329
270 33 329
292 33 328
414 33 327
370 33 327
977 33 326
218 33 325
992 33 325
236 33 324
65 33 323
26 33 323
60 33 323
237 33 322
155 33 321
510 33 320
631 33 320
302 33 319
45 33 319
197 33 319
336 33 318
623 33 318
650 33 318
368 32 318
772 32 318
467 32 318
85 32 317
489 32 317
164 32 316
271 32 315
351 32 314
968 32 314
408 32 313
520 32 313
987 32 312
571 32 311
775 32 311
1000 32 310
654 32 310
144 32 309
686 32 309
237 32 308
956 31 307
883 31 306
414 31 306
894 31 306
429 31 306
279 31 304
659 31 304
651 31 303
263 31 303
171 31 302
38 31 301
928 31 301
597 31 301
138 31 300
692 31 300
909 31 300
293 30 299
254 30 298
39 30 298
389 30 298
424 30 298
795 30 297
570 30 297
209 30 297
762 30 296
756 30 296
482 30 296
25 30 295
777 30 295
204 30 295
648 30 294
470 30 294
778 30 293
786 30 293
836 29 293
943 29 291
110 29 291
266 29 291
939 29 291
62 29 289
540 29 289
436 29 289
48 29 289
901 29 289
729 29 288
676 29 288
761 29 287
723 28 287
722 28 287
141 28 286
608 28 285
717 28 285
802 28 285
754 28 284
994 28 283
914 28 281
166 28 281
163 28 281
829 28 280
304 28 279
734 28 279
64 28 279
386 28 278
205 28 277
247 28 277
917 28 276
121 28 276
691 28 276
923 28 275
826 28 275
252 28 275
26 28 274
977 28 274
406 27 271
580 27 271
211 27 271
753 27 270
344 27 270
280 27 270
535 27 269
296 27 269
425 27 268
452 27 268
138 27 268
385 27 268
569 27 267
693 27 265
544 27 265
965 27 264
868 27 264
706 27 264
130 27 263
113 27 263
545 26 263
167 26 263
732 26 262
926 26 262
199 26 262
611 26 261
774 26 260
94 26 260
972 26 260
426 26 259
813 26 258
42 26 258
868 26 257
397 26 257
205 26 257
409 26 257
642 26 256
468 26 256
46 26 255
498 26 255
942 26 253
581 25 253
944 25 253
194 25 253
883 25 251
6 25 251
5 25 250
321 25 247
836 25 246
855 25 246
337 25 246
111 25 244
626 25 243
611 25 243
608 25 242
84 25 242
180 25 241
909 25 240
140 25 238
493 25 238
580 25 238
776 25 237
369 25 237
459 25 235
258 25 234
542 25 233
488 25 233
909 25 232
279 25 232
930 25 232
788 24 230
45 24 229
816 24 229
489 24 228
628 24 228
336 24 228
237 24 227
946 24 226
141 24 225
471 24 225
333 24 224
599 24 224
924 24 223
235 24 223
440 24 222
387 24 222
453 23 222
286 23 221
369 23 221
843 23 221
283 23 220
532 23 219
285 23 219
754 23 219
828 23 218
119 23 218
444 23 217
189 23 217
799 23 216
434 23 215
899 23 214
149 22 214
949 22 214
277 22 213
740 22 213
474 22 212
314 22 212
952 22 211
275 22 211
772 22 211
142 22 211
275 22 211
941 22 210
189 22 209
764 22 209
34 22 208
551 22 207
707 22 207
191 22 207
966 22 207
312 22 206
489 22 206
908 22 206
365 22 204
652 22 204
261 21 204
432 21 203
196 21 203
54 21 203
172 21 202
78 21 202
195 21 202
66 21 202
274 21 199
253 21 199
374 21 199
428 21 199
118 21 199
356 21 199
884 21 198
376 21 198
681 21 198
859 20 197
345 20 197
71 20 196
471 20 196
656 20 195
838 20 195
218 20 194
222 20 194
794 20 193
168 20 193
191 20 193
972 20 193
45 20 192
566 19 192
533 19 191
109 19 191
10 19 191
924 19 190
301 19 190
817 19 190
890 19 190
428 19 190
975 19 189
692 19 188
72 19 187
348 19 187
390 18 186
735 18 186
232 18 184
162 18 184
929 18 183
853 18 183
656 18 181
996 18 181
967 18 180
672 18 180
161 18 180
53 18 180
710 18 178
553 18 177
337 18 177
250 18 177
152 18 176
606 18 176
49 18 175
850 18 174
659 18 172
333 18 172
54 18 172
235 18 171
604 18 171
575 18 170
439 18 170
490 18 170
295 18 169
24 17 169
777 17 169
930 17 169
757 17 169
331 17 169
706 17 168
558 17 168
970 17 168
778 17 168
520 17 167
369 17 167
457 17 166
515 17 166
317 17 166
162 17 165
783 17 165
143 17 164
394 17 163
278 17 162
865 17 162
596 17 162
749 17 162
814 17 161
483 17 161
418 17 161
160 16 160
231 16 160
287 16 159
178 16 157
831 16 157
767 16 155
325 16 155
129 16 154
270 16 154
109 16 153
429 16 151
829 16 151
765 16 150
826 16 150
574 16 150
655 16 149
705 16 149
540 16 148
706 16 148
646 15 148
495 15 147
170 15 147
912 15 145
340 15 145
328 15 144
937 15 143
349 15 143
778 15 142
380 15 141
372 15 140
769 15 140
15 15 139
428 15 139
978 15 139
834 15 138
789 15 138
344 15 137
810 15 137
935 15 137
124 15 137
25 15 137
209 15 137
394 14 137
856 14 136
949 14 136
804 14 136
450 14 133
478 14 132
165 14 131
393 14 131
252 14 131
780 14 131
292 14 130
759 14 130
510 14 130
286 14 130
854 14 130
55 14 130
489 14 129
380 14 129
362 14 129
26 13 127
560 13 127
41 13 126
814 13 125
857 13 125
233 13 124
262 13 124
286 13 123
732 13 122
926 13 122
709 13 122
744 13 121
506 13 120
544 13 120
106 13 120
207 13 120
887 13 119
42 13 118
835 12 117
105 12 117
724 12 117
461 12 116
225 12 116
55 12 116
56 12 116
77 12 116
894 12 115
929 12 115
707 12 115
767 12 114
606 12 114
924 12 114
771 12 114
661 12 113
43 11 112
794 11 112
48 11 112
512 11 111
376 11 110
44 11 110
915 11 109
665 11 109
151 11 109
165 11 108
852 11 107
428 11 107
246 11 106
510 11 106
775 11 105
241 11 104
827 11 104
745 11 103
512 11 102
904 11 101
425 11 100
733 11 99
174 10 98
632 10 97
651 10 97
718 10 97
819 10 96
389 10 96
813 10 96
453 10 95
724 10 95
492 10 93
410 10 93
627 10 93
283 10 93
547 10 92
551 10 91
310 10 90
146 10 90
594 10 90
342 9 89
949 9 89
74 9 89
256 9 88
407 9 88
278 9 88
305 9 87
740 9 87
498 9 87
714 9 86
538 9 86
97 9 86
168 9 85
993 9 85
542 9 85
196 8 85
327 8 84
127 8 82
225 8 81
917 8 81
987 8 81
514 8 80
504 8 79
400 8 78
553 8 77
639 8 77
374 8 76
767 8 75
191 8 75
264 8 75
53 8 74
366 8 74
48 7 73
429 7 73
793 7 73
570 7 73
875 7 72
916 7 71
320 7 71
271 7 71
339 7 71
198 7 70
646 7 70
820 7 67
170 7 65
623 7 65
421 7 65
253 7 64
30 7 63
777 7 63
530 7 63
597 7 62
229 7 62
126 7 61
35 7 61
406 7 60
413 7 60
800 7 60
484 7 59
775 7 58
132 6 58
48 6 57
168 6 57
48 6 57
94 6 56
959 6 55
605 6 53
733 6 53
53 6 53
171 6 52
856 6 51
853 6 51
307 6 50
777 6 50
352 6 50
366 5 49
674 5 48
836 5 47
967 5 46
742 5 46
69 5 46
648 5 46
298 5 45
656 5 44
592 5 43
62 5 42
585 5 42
106 5 41
217 5 41
868 5 41
178 5 41
871 5 40
738 5 40
543 4 39
856 4 39
813 4 38
534 4 38
736 4 38
385 4 38
29 4 37
689 4 37
648 4 37
366 4 35
451 4 35
613 4 34
369 4 33
379 4 33
737 4 33
782 4 33
979 4 31
606 4 30
500 3 30
143 3 30
584 3 29
108 3 28
418 3 28
750 3 27
165 3 27
447 3 27
895 3 26
338 3 24
229 3 24
28 3 24
307 3 23
621 3 23
635 3 23
648 3 23
593 3 23
804 3 23
139 3 22
19 3 22
886 3 22
563 3 21
214 3 21
85 3 21
932 2 20
917 2 19
145 2 18
204 2 18
483 2 18
386 2 18
561 2 17
720 2 16
635 2 16
113 2 16
757 2 15
765 2 15
976 2 15
260 2 14
279 2 14
744 2 14
762 2 14
755 2 13
416 2 13
829 2 13
47 2 12
305 2 12
703 2 12
853 2 12
456 1 11
723 1 11
78 1 10
133 1 10
405 1 10
135 1 10
26 1 10
201 1 9
845 1 7
817 1 6
565 1 6
231 1 5
407 1 4
944 1 4
145 1 3
520 1 3
830 1 3
335 1 2
818 1 2
18 1 1
