500 1 3
787 1 498
979 1 496
98 1 495
193 1 495
622 1 494
167 1 493
848 1 492
974 1 491
923 2 488
498 2 488
119 2 488
188 2 487
632 2 486
460 2 486
623 2 486
646 2 485
110 2 484
634 2 483
337 3 482
495 3 480
853 3 480
784 3 480
906 3 478
982 3 476
3 3 475
325 3 474
297 3 471
707 3 470
169 3 468
876 3 465
862 3 465
7 3 464
595 3 464
403 4 464
350 4 463
712 4 462
505 4 462
116 4 461
655 4 459
625 4 457
486 4 457
369 4 456
60 4 455
768 5 454
444 5 454
308 5 454
21 5 453
248 5 453
746 5 453
180 5 452
919 5 452
31 5 452
628 5 451
484 5 451
59 5 450
202 6 448
141 6 446
878 6 445
462 6 445
997 6 444
436 6 444
805 6 443
813 6 443
647 6 442
272 6 440
416 6 440
954 6 439
497 7 439
576 7 438
290 7 438
87 7 437
983 7 437
764 7 435
838 7 434
678 7 433
543 7 432
834 7 432
399 7 432
930 8 432
687 8 429
134 8 428
862 8 426
694 8 426
699 8 425
649 8 423
853 8 422
432 8 422
524 8 420
876 9 420
584 9 420
666 9 416
740 9 416
609 9 416
963 9 415
733 9 414
989 9 413
150 10 411
990 10 410
697 10 409
225 10 406
287 10 404
422 10 399
150 10 398
92 11 397
928 11 397
397 11 397
776 11 396
278 11 396
772 11 393
993 11 393
571 11 392
389 11 392
972 11 392
26 11 391
147 11 391
840 11 389
791 12 387
621 12 386
261 12 386
390 12 386
290 12 384
942 12 381
568 12 381
100 12 381
317 12 380
306 12 380
914 12 379
21 13 376
490 13 376
738 13 374
785 13 370
707 13 369
938 13 366
451 13 365
574 13 364
92 13 363
358 13 361
835 13 359
911 14 359
41 14 359
255 14 357
846 14 356
882 14 354
304 14 354
922 14 354
430 14 353
489 14 351
609 14 350
228 14 347
121 14 347
359 14 346
85 15 346
253 15 342
556 15 342
781 15 341
618 15 340
916 15 340
878 15 338
609 16 337
651 16 337
576 16 337
879 16 335
635 16 334
20 16 334
605 16 333
367 16 332
797 16 331
140 16 331
851 16 331
219 16 330
31 16 330
835 17 325
887 17 325
786 17 324
173 17 323
27 17 323
996 17 321
869 17 321
349 17 321
715 17 320
226 18 320
333 18 320
944 18 319
309 18 317
969 18 316
231 18 314
157 18 314
369 18 313
66 18 313
82 18 313
292 18 308
339 18 306
922 19 305
953 19 304
110 19 303
376 19 300
36 19 299
44 19 299
350 19 299
574 19 298
34 19 297
729 19 297
508 19 297
745 19 296
80 20 296
856 20 292
742 20 290
929 20 290
509 20 290
708 21 290
331 21 290
489 21 290
86 21 289
605 21 289
454 21 289
283 21 288
537 21 287
106 21 285
139 22 281
606 22 279
131 22 278
267 22 276
521 22 276
769 23 275
422 23 274
197 23 272
908 23 271
594 23 269
371 23 267
191 23 266
942 23 266
823 23 266
704 23 266
738 23 265
105 23 264
174 24 263
934 24 263
21 24 260
547 24 257
240 24 256
161 24 256
222 24 256
127 24 253
736 24 253
149 24 252
700 24 252
540 25 251
129 25 250
345 25 249
841 25 248
36 25 248
293 25 245
635 25 245
485 25 243
683 25 243
202 25 242
360 25 241
606 25 240
210 25 238
446 26 238
958 26 237
996 26 237
135 26 235
964 26 233
552 26 232
608 27 231
227 27 229
431 27 227
845 27 223
973 27 222
615 27 222
771 27 215
565 27 215
951 27 212
20 27 212
675 28 211
49 28 211
911 28 211
990 28 211
196 28 210
118 28 209
672 28 207
820 28 207
9 29 203
430 29 203
916 29 202
174 29 202
328 29 202
771 29 201
88 29 201
491 29 199
473 29 197
32 29 196
415 29 196
71 29 195
127 29 194
926 30 194
873 30 194
269 30 193
167 30 192
680 30 190
36 30 190
670 30 189
358 30 188
956 30 188
515 30 187
886 30 187
87 31 186
287 31 184
978 31 183
304 31 180
713 31 180
963 31 179
36 31 177
662 31 177
806 31 176
735 31 174
708 32 172
879 32 172
752 32 172
211 32 172
231 32 171
876 32 171
911 32 169
159 32 169
867 32 169
544 32 166
990 32 161
631 33 160
593 33 159
84 33 158
515 33 158
685 33 155
45 33 152
509 33 152
188 33 151
171 33 151
86 33 151
587 34 151
71 34 149
99 34 149
721 34 148
782 34 148
674 34 143
965 34 143
656 34 142
311 34 142
602 34 141
780 34 141
296 34 139
184 34 136
975 34 134
981 35 134
400 35 134
201 35 133
387 35 133
461 35 133
629 35 133
312 36 132
571 36 132
703 36 130
851 36 129
604 36 129
910 36 125
878 36 125
269 36 124
414 36 122
491 36 122
877 37 122
565 37 121
741 37 121
600 37 120
345 37 118
944 37 117
509 37 116
253 37 114
71 37 114
848 37 114
242 37 113
590 37 111
775 37 110
437 38 109
543 38 109
647 38 108
292 38 107
446 38 107
189 38 105
786 38 103
799 38 103
633 38 102
218 38 102
820 38 101
688 39 101
746 39 101
337 39 99
837 39 98
145 40 97
544 40 94
607 40 94
926 40 93
830 40 93
579 40 92
769 40 92
93 40 90
180 40 89
882 40 89
719 41 89
12 41 88
637 41 87
233 41 87
781 41 87
960 41 85
974 41 85
903 41 84
806 41 83
685 41 82
5 41 82
397 42 81
581 42 80
231 42 78
978 42 77
851 42 76
842 42 75
155 43 75
384 43 74
565 43 73
910 43 73
852 44 72
632 44 72
858 44 68
99 44 68
521 44 67
555 44 67
725 44 64
498 44 62
267 44 62
26 45 59
796 45 58
842 45 58
533 45 57
156 45 57
534 45 56
698 45 56
92 45 55
875 45 54
354 45 54
571 45 52
62 45 51
363 45 49
466 45 49
909 45 48
887 45 48
880 45 46
198 45 46
213 46 45
630 46 45
539 46 44
677 46 42
543 46 40
62 46 40
952 46 39
151 46 39
454 46 38
16 46 37
471 47 36
38 47 35
981 47 34
582 47 33
150 47 31
178 47 31
737 47 29
138 47 29
399 47 29
915 47 26
485 48 24
181 48 24
867 48 23
633 48 23
649 48 22
636 48 20
371 48 19
976 48 18
337 48 18
821 48 17
710 48 17
728 48 16
853 49 16
327 49 15
420 49 15
400 49 14
458 49 11
55 50 10
229 50 10
562 50 9
604 50 8
807 50 8
855 50 2
354 50 2
510 50 1
497 50 1
