500 8 10
723 48 184
76 26 474
912 13 467
953 29 133
972 48 496
895 11 437
216 14 494
235 6 6
60 31 142
715 44 363
498 37 93
174 49 23
132 15 222
354 22 5
583 16 60
582 17 336
970 41 385
518 10 70
10 6 46
891 16 299
832 49 132
539 5 192
292 30 228
400 21 309
139 8 396
834 2 451
564 46 43
603 50 27
652 33 433
209 39 146
577 7 208
294 28 396
126 23 142
222 4 458
133 42 469
268 9 408
821 48 282
884 37 405
479 49 230
55 41 345
95 50 285
741 40 172
404 5 158
14 15 374
906 12 26
421 15 383
817 41 37
555 27 170
658 23 218
920 15 122
961 10 55
546 1 358
885 31 270
898 37 337
70 38 407
781 13 446
437 44 485
924 19 486
999 1 114
324 38 127
458 36 89
360 28 267
630 36 195
914 24 470
218 34 148
179 27 478
628 29 412
994 45 206
533 50 455
687 24 325
187 30 51
632 19 332
937 35 392
523 42 179
583 25 258
884 25 179
366 41 1
499 22 169
336 43 225
489 31 163
144 12 277
289 9 60
799 37 427
586 4 62
583 44 409
662 47 23
348 5 12
414 15 406
733 8 456
794 4 177
609 19 158
802 5 371
443 50 465
143 48 37
943 8 459
332 4 145
648 12 246
13 49 281
18 5 403
192 10 311
272 27 264
846 15 422
666 39 275
971 16 263
397 17 461
2 16 96
151 5 162
468 3 402
941 22 302
694 1 31
633 27 44
738 32 19
87 18 1
798 24 10
626 34 481
424 35 155
427 38 282
19 14 429
218 44 459
93 43 228
829 19 443
310 13 383
55 18 385
896 25 479
318 33 198
34 47 165
414 33 168
912 27 385
71 18 444
952 7 262
625 21 152
849 19 3
971 39 236
61 39 391
558 40 340
778 22 242
776 23 165
238 15 312
961 19 370
67 25 486
721 32 45
356 32 64
278 13 302
548 21 370
524 6 119
636 35 138
334 8 242
736 48 321
523 47 112
181 31 89
692 37 61
919 16 56
657 30 107
525 49 50
660 41 125
899 32 231
260 13 383
686 48 366
248 10 498
618 32 207
385 25 254
770 1 451
168 19 336
714 50 334
992 15 371
246 18 324
300 10 389
946 35 290
861 8 292
435 30 113
216 43 321
837 37 164
688 46 119
281 45 457
660 37 255
857 49 49
370 16 484
732 19 311
406 34 382
621 14 475
541 2 340
337 26 203
582 32 16
641 49 370
463 47 440
211 32 269
116 49 283
350 40 495
234 36 468
398 18 305
409 28 373
766 14 498
467 32 16
797 15 211
24 46 38
390 50 231
621 45 478
287 7 79
584 32 98
16 38 214
81 17 186
725 2 16
513 49 276
789 12 460
485 36 31
983 39 277
575 28 92
111 22 231
582 47 2
733 29 5
334 38 248
244 5 162
52 40 165
810 36 452
316 16 430
957 31 51
409 35 86
555 18 188
52 22 394
590 26 482
645 28 270
742 38 450
261 23 202
608 42 150
752 8 185
694 10 434
640 10 40
650 13 423
733 41 45
195 38 349
87 18 187
94 23 86
760 25 175
15 30 138
719 5 191
192 24 382
852 31 250
876 35 321
475 50 35
240 15 276
116 27 398
986 23 227
531 18 65
240 1 410
188 27 184
236 44 424
177 1 138
777 39 302
83 13 365
179 6 491
120 44 159
967 38 485
511 29 12
995 36 168
248 38 96
548 3 11
262 24 259
201 30 471
81 3 283
250 39 226
940 14 366
207 40 61
115 10 369
226 15 131
174 5 291
782 37 97
518 39 413
377 41 105
793 43 430
787 30 28
108 20 154
522 9 13
672 27 12
14 27 455
800 39 13
69 16 487
225 16 12
356 20 386
91 23 44
951 5 499
891 50 493
885 18 94
298 20 346
836 32 488
806 11 195
71 44 387
166 13 198
430 29 186
54 11 196
530 1 260
969 23 6
73 32 468
382 14 267
45 44 296
408 15 278
454 27 160
62 8 34
502 18 131
611 35 23
764 9 290
161 48 82
273 20 143
686 11 120
383 35 272
645 28 40
310 31 164
82 16 479
913 34 45
311 37 333
765 19 226
924 10 284
261 6 454
986 36 118
861 34 265
72 44 18
753 10 110
197 15 394
680 44 496
235 8 442
219 7 322
831 12 58
796 30 460
155 42 319
539 5 368
232 2 500
67 42 137
100 12 456
688 14 69
292 43 372
451 24 70
281 8 105
887 36 113
30 20 468
976 40 129
276 43 81
549 8 484
272 31 442
422 24 262
796 21 156
789 10 327
995 12 324
875 2 53
873 20 306
5 39 104
399 5 495
433 29 200
230 23 376
867 31 225
360 43 426
162 41 103
242 2 96
693 24 79
499 48 303
260 7 307
828 20 31
709 44 259
84 24 220
573 29 110
234 43 198
962 16 198
870 22 192
257 17 364
749 26 494
572 5 206
862 9 356
78 25 199
484 40 281
487 12 106
812 6 105
897 12 413
882 29 288
408 50 138
487 6 224
890 48 147
494 31 446
773 11 56
44 22 390
260 7 431
183 50 32
502 15 311
51 24 294
303 1 443
657 2 482
537 37 142
295 49 84
270 6 425
423 6 309
171 23 261
344 13 419
109 48 31
558 20 104
802 10 380
558 18 232
227 29 351
2 14 423
591 30 17
548 36 486
790 15 4
889 22 293
25 18 124
446 1 439
581 31 373
737 39 170
828 38 226
433 5 378
455 35 275
447 9 49
351 31 415
278 6 149
569 10 430
687 21 193
645 17 21
339 28 410
197 28 445
402 8 397
147 37 113
814 26 497
942 27 54
961 41 119
440 12 38
511 41 194
481 42 201
3 37 462
387 14 18
553 31 158
558 4 361
173 49 344
61 49 281
260 29 459
997 3 53
646 34 347
198 15 176
746 23 86
412 40 254
420 37 7
725 8 111
4 24 421
93 22 158
424 44 46
817 21 371
641 36 174
61 10 9
419 15 228
220 10 95
946 40 451
719 13 328
307 28 70
183 32 310
301 15 306
840 4 478
668 48 482
808 17 178
981 18 412
692 34 375
903 17 420
592 38 96
250 4 447
542 44 188
929 43 424
193 24 119
946 11 323
182 28 270
736 7 133
44 10 157
915 39 500
875 3 264
832 17 371
896 48 292
148 35 29
784 4 351
677 38 469
470 50 166
136 47 391
83 32 212
134 8 341
856 38 392
462 22 20
346 17 85
806 25 112
378 19 325
200 31 499
279 42 425
311 25 185
929 39 336
102 32 70
467 14 410
596 43 235
471 36 367
822 27 432
839 36 102
762 8 392
24 45 39
386 3 137
317 38 298
963 27 338
382 2 92
254 15 375
118 8 319
32 26 257
936 43 51
