600 8 8
430 50 500
810 50 498
343 50 498
858 50 497
959 50 494
719 50 493
29 50 492
650 50 489
311 50 485
952 49 485
210 49 484
202 49 483
669 49 483
529 49 482
679 49 482
221 49 481
832 49 479
615 49 479
311 49 478
14 49 478
896 49 477
851 49 477
396 48 476
442 48 476
263 48 476
815 48 474
200 48 474
74 48 474
12 48 474
817 48 473
142 48 472
73 48 470
28 48 470
492 47 470
523 47 469
948 47 467
357 47 467
806 47 465
307 47 465
87 47 464
672 47 464
789 47 463
716 47 460
556 46 459
562 46 459
426 46 459
17 46 459
478 46 459
664 46 458
551 46 456
84 46 455
732 46 452
52 46 451
988 46 450
764 46 448
760 46 447
952 46 446
261 46 445
798 46 445
335 45 444
294 45 444
832 45 442
867 45 442
164 45 440
993 45 439
283 45 437
254 45 437
645 45 437
756 44 436
714 44 434
664 44 433
399 44 432
453 44 432
782 44 431
66 44 431
766 43 430
614 43 430
665 43 430
638 43 429
388 43 428
792 43 428
173 43 428
587 43 428
714 43 427
763 43 426
876 43 425
75 43 424
764 43 424
271 43 424
626 43 422
162 42 422
815 42 421
360 42 420
215 42 419
621 42 419
790 42 417
490 42 417
810 42 415
989 42 414
914 42 412
585 41 411
919 41 409
87 41 409
72 41 407
826 41 406
792 41 405
825 41 404
628 41 403
84 41 402
1 41 400
114 41 399
963 41 398
941 41 398
701 41 398
615 40 397
326 40 397
642 40 396
679 40 395
270 40 395
994 40 394
271 40 390
275 40 390
481 40 389
452 40 389
375 39 388
210 39 387
64 39 385
979 39 384
409 39 384
188 39 383
443 39 383
190 39 383
719 39 382
344 39 381
411 39 380
972 39 380
804 39 380
223 38 379
732 38 379
730 38 378
937 38 376
935 38 376
330 38 375
878 38 375
332 38 373
827 38 372
764 38 372
667 38 372
301 38 371
688 38 371
497 38 371
590 38 371
686 37 366
410 37 366
869 37 366
980 37 366
471 37 365
244 37 364
224 37 364
822 37 364
540 37 363
391 37 362
228 37 362
197 37 362
299 37 361
986 37 360
954 37 360
640 37 360
493 36 358
839 36 357
199 36 355
365 36 355
425 36 352
167 36 352
296 36 351
227 36 351
407 36 351
123 36 349
583 36 349
101 36 348
576 36 348
27 36 345
728 36 344
483 36 344
431 36 343
540 36 342
141 36 342
515 36 340
668 35 340
18 35 340
641 35 340
917 35 339
669 35 339
374 35 338
917 35 336
939 35 336
753 35 332
856 35 331
262 34 331
655 34 331
131 34 330
221 34 330
223 34 330
847 34 329
31 34 329
939 34 328
368 33 327
508 33 326
876 33 325
418 33 325
419 33 325
113 32 324
278 32 324
589 32 324
702 32 324
638 32 321
463 32 320
86 32 318
434 32 318
635 32 318
305 32 316
391 32 312
247 32 312
122 31 311
954 31 310
916 31 309
10 31 308
341 31 308
557 31 307
959 31 307
68 31 306
151 31 305
617 31 305
555 31 304
720 31 303
111 31 303
208 31 302
226 31 301
536 30 300
94 30 298
518 30 298
610 30 297
197 30 295
778 30 294
132 30 294
266 30 291
689 30 290
347 30 287
32 30 287
994 30 285
650 30 285
482 30 284
883 29 283
672 29 283
678 29 283
554 29 283
446 29 283
887 29 283
574 29 282
950 29 282
90 28 280
698 28 280
488 28 278
402 28 275
547 28 275
551 28 274
37 28 274
758 28 273
64 28 272
982 28 271
51 28 271
541 28 270
9 28 270
8 28 270
256 28 269
620 28 269
941 28 267
581 28 266
756 28 266
573 27 265
535 27 265
981 27 264
857 27 263
283 27 263
61 27 262
352 27 262
746 27 261
8 27 259
901 27 258
90 27 257
493 27 256
699 26 255
228 26 255
614 26 254
702 26 254
565 26 254
269 26 254
91 26 253
538 26 252
690 26 251
954 26 250
356 26 250
709 26 250
892 25 248
513 25 248
272 25 246
288 25 246
27 25 244
942 25 242
746 25 239
26 25 239
650 25 238
113 25 237
188 25 235
34 24 234
771 24 234
532 24 233
892 24 233
398 24 232
82 24 231
268 24 230
889 24 229
259 24 228
374 24 227
441 24 227
846 23 227
714 23 227
900 23 226
899 23 226
124 23 226
251 23 226
486 23 225
507 23 224
615 22 224
305 22 223
649 22 223
531 22 223
991 22 223
98 22 222
940 22 220
571 22 220
582 22 219
393 22 219
908 22 219
433 22 217
569 22 216
17 21 215
804 21 215
588 21 215
304 21 212
360 21 212
34 21 211
693 21 211
7 21 209
685 21 208
909 21 207
323 21 207
391 20 206
592 20 206
378 20 206
378 20 205
479 20 205
53 20 204
62 20 203
774 20 203
787 20 202
333 20 201
630 20 200
514 20 199
343 20 199
233 20 199
674 20 198
879 19 198
509 19 197
507 19 195
592 19 195
283 19 190
482 19 188
907 19 188
348 19 186
616 19 182
839 19 181
330 19 181
37 19 179
326 19 177
402 19 177
87 19 176
211 19 175
767 19 171
213 18 170
660 18 169
781 18 168
4 18 166
318 18 166
620 18 165
143 18 164
57 18 163
502 18 163
427 18 162
248 17 162
609 17 162
510 17 161
258 17 161
553 17 159
719 17 158
402 17 157
637 17 157
537 17 155
163 17 154
225 17 154
267 17 153
710 17 148
998 17 147
309 16 146
921 16 145
55 16 144
578 16 143
365 16 143
628 16 142
221 16 142
440 16 141
962 16 140
777 16 140
231 16 140
775 15 137
175 15 133
394 15 132
188 15 127
94 15 127
297 15 126
184 15 125
210 15 125
950 15 123
406 15 122
248 15 121
214 14 121
223 14 121
170 14 121
339 14 120
373 14 117
406 14 114
260 14 114
477 14 113
207 14 113
927 14 113
919 14 112
26 14 112
587 14 110
421 14 108
52 14 108
136 14 108
973 14 107
843 14 106
501 14 106
557 14 105
573 14 104
270 13 104
917 13 104
846 13 103
953 13 103
41 13 102
195 13 102
376 13 100
874 13 99
772 13 98
276 13 98
463 13 98
644 12 98
642 12 97
136 12 97
513 12 97
766 12 97
758 11 96
141 11 95
894 11 95
74 11 95
770 11 94
952 11 94
695 11 93
975 11 93
963 11 92
243 11 90
135 11 88
961 10 87
972 10 87
432 10 85
74 10 85
426 10 83
565 10 83
699 10 83
625 10 81
746 10 81
167 10 80
677 10 80
759 10 80
138 10 77
135 10 77
261 10 76
4 9 75
727 9 75
781 9 74
665 9 74
867 9 74
561 9 73
553 9 73
242 9 72
217 9 69
635 9 68
321 9 67
637 9 67
157 9 64
213 8 63
1000 8 62
526 8 62
183 8 61
372 8 60
910 8 60
32 8 59
70 8 58
732 8 57
936 8 56
151 8 56
665 7 54
372 7 54
572 7 53
878 7 50
113 7 50
639 7 50
180 7 49
411 7 49
290 7 49
227 6 48
364 6 47
312 6 47
597 6 47
778 6 46
985 6 46
558 6 45
131 6 45
310 6 43
137 5 42
274 5 42
456 5 42
402 5 42
793 5 41
545 5 40
49 5 40
571 5 39
678 5 38
432 5 37
443 5 36
901 5 36
939 5 34
539 4 33
346 4 33
122 4 32
332 4 32
583 4 32
170 4 31
725 4 30
221 3 29
388 3 28
934 3 28
277 3 27
827 3 25
554 3 24
51 3 23
965 3 23
220 3 22
580 3 22
983 2 22
104 2 21
901 2 20
170 2 20
764 2 20
633 2 20
576 2 19
304 2 17
875 2 17
401 2 16
416 2 15
828 2 15
718 2 15
418 2 14
283 2 14
821 2 12
431 2 11
640 2 11
722 1 10
855 1 8
182 1 7
840 1 6
736 1 5
603 1 5
619 1 5
952 1 4
933 1 4
410 1 4
200 1 3
429 1 2
