650 2 5
61 9 400
11 17 67
71 24 99
81 30 375
41 14 193
61 9 455
91 50 105
91 44 94
41 11 417
91 8 444
61 45 107
41 4 495
71 43 70
11 47 308
71 32 4
61 13 83
21 5 183
51 29 167
51 23 273
71 40 360
31 35 321
61 8 85
91 3 217
41 16 223
71 30 270
51 12 245
61 37 146
21 16 236
11 34 122
91 37 18
51 13 428
21 33 459
81 29 14
51 33 228
41 11 26
91 23 336
31 30 497
11 28 135
81 10 292
81 41 471
71 14 338
11 21 81
21 5 472
51 26 363
51 21 404
31 19 49
61 46 61
71 28 90
81 40 474
51 20 453
61 30 441
11 10 351
91 9 111
51 47 424
21 47 416
81 5 451
11 46 78
91 37 477
91 41 417
31 20 45
21 12 259
91 13 66
21 15 126
21 38 345
71 41 309
91 36 53
41 31 269
21 12 260
21 43 208
71 27 121
31 15 90
61 28 454
81 3 431
51 30 215
81 37 4
71 29 64
51 11 343
31 20 403
11 50 170
21 34 214
41 23 384
31 29 327
71 44 164
81 46 302
11 22 277
51 48 444
31 4 15
11 30 495
21 36 183
51 45 457
71 24 90
61 2 13
41 50 459
41 41 173
61 36 143
91 33 113
81 10 224
11 13 359
11 16 434
71 45 189
81 12 185
71 47 481
11 16 165
91 42 158
81 32 28
91 18 159
61 40 221
81 29 338
41 21 316
11 6 142
91 29 178
51 34 457
41 4 160
41 5 18
81 42 29
11 27 236
91 20 252
61 45 356
11 19 26
41 48 454
11 15 443
11 9 52
81 47 429
21 9 411
41 1 59
81 36 283
81 40 128
61 21 62
71 32 277
61 27 101
71 13 363
71 43 95
51 12 12
91 2 211
91 38 127
81 12 90
31 40 497
21 8 369
51 14 405
31 11 304
51 8 382
41 19 323
51 32 142
91 50 228
61 25 388
21 6 433
81 10 369
31 19 273
71 41 211
81 26 316
61 24 442
81 10 75
91 25 116
51 28 43
11 26 302
11 35 388
51 25 150
61 17 144
51 12 71
41 9 270
61 37 447
41 1 5
31 4 169
81 16 26
21 6 142
21 10 500
11 10 84
91 41 40
31 1 118
31 46 308
31 14 281
71 37 382
71 7 90
51 18 12
51 4 492
11 33 383
21 48 155
81 50 109
81 18 252
71 25 246
31 47 27
91 31 340
11 42 346
41 42 408
11 12 292
31 1 442
21 21 296
61 27 107
81 1 49
61 48 193
41 13 326
51 34 355
11 8 30
91 31 464
61 1 203
11 17 455
11 12 355
31 37 135
41 15 266
31 36 54
41 6 331
61 38 157
41 31 405
61 44 309
81 6 163
71 5 467
71 19 31
41 49 242
61 49 217
51 45 118
21 10 301
41 12 46
41 1 12
81 37 212
71 16 158
71 3 23
31 11 361
31 49 428
21 22 292
81 11 260
31 20 388
41 7 325
61 36 140
91 49 179
41 15 354
21 3 378
81 7 391
21 4 42
41 42 26
11 45 68
51 49 135
91 8 229
71 13 400
11 38 371
31 17 228
71 10 20
61 26 217
61 36 486
41 44 259
21 5 177
61 41 486
51 8 355
51 42 22
81 32 274
91 33 465
71 25 433
91 2 375
51 42 153
31 48 409
21 17 226
81 33 166
41 38 440
61 38 302
21 11 436
91 46 334
71 39 68
81 12 387
41 2 410
31 33 319
41 5 301
51 39 452
21 40 475
41 5 194
61 32 498
11 4 449
11 22 292
71 28 255
21 44 371
31 48 402
91 13 239
71 18 69
41 1 24
91 27 478
51 35 234
61 23 25
91 45 193
51 19 50
81 21 249
81 19 216
41 46 342
71 37 243
91 30 468
61 4 338
91 27 122
51 34 411
31 37 202
11 27 419
41 43 347
51 33 5
91 39 329
81 1 304
81 46 431
61 36 424
11 32 8
71 4 324
61 26 335
41 35 155
31 42 230
91 27 19
71 46 115
61 49 212
51 18 246
21 36 380
51 24 362
71 11 362
51 17 288
21 21 187
71 21 447
41 36 144
31 17 118
91 33 473
61 43 66
91 5 339
81 6 441
51 7 359
81 18 215
31 7 432
31 37 183
11 20 27
51 22 340
91 23 336
71 36 407
81 46 138
71 21 237
41 10 327
51 24 211
61 4 84
21 39 245
31 6 216
31 35 421
41 42 477
31 44 380
81 41 287
41 9 237
21 1 412
21 18 177
31 3 132
41 42 212
11 48 375
51 2 365
31 25 47
71 12 415
21 3 434
91 21 221
21 22 336
11 45 306
41 11 495
51 7 366
41 3 25
71 7 223
21 46 450
11 14 451
71 4 285
11 15 387
51 48 32
31 34 81
71 48 337
11 48 73
71 13 442
61 11 480
51 30 189
51 40 127
61 49 316
41 14 88
91 4 180
61 40 85
21 9 454
41 34 87
71 35 333
21 2 336
21 34 403
31 32 374
91 7 370
11 1 428
71 27 284
61 21 375
41 18 96
71 28 419
11 16 192
41 14 447
71 47 53
21 40 155
41 42 97
51 44 352
81 34 370
91 33 178
11 12 228
21 26 423
61 34 416
81 40 92
91 18 362
31 37 183
91 50 338
51 2 145
11 40 291
11 50 405
71 35 214
41 17 143
61 23 448
11 25 442
41 3 405
41 27 336
41 25 141
41 9 227
41 25 346
81 24 433
81 41 42
41 17 36
91 43 250
41 7 475
81 14 138
21 37 39
21 6 153
51 40 57
31 19 487
41 20 135
81 42 44
21 47 371
31 42 408
21 21 321
91 28 143
11 9 374
31 33 465
31 8 68
91 36 52
31 33 430
51 29 381
91 36 247
81 31 38
11 38 206
21 23 248
41 12 56
61 46 20
91 32 262
41 48 474
71 2 467
51 49 402
51 45 459
41 14 332
31 7 148
21 34 18
31 1 131
51 18 415
91 46 181
31 36 64
21 27 83
51 40 220
71 41 312
31 8 287
51 6 303
71 3 485
31 26 306
21 7 324
61 38 290
71 3 10
41 45 422
11 4 333
41 33 444
31 46 403
71 14 429
21 49 47
91 33 445
71 37 74
61 40 350
91 25 214
71 49 112
51 35 154
51 22 94
91 24 67
11 24 96
81 40 227
11 1 26
71 47 372
91 3 426
91 22 397
11 13 238
51 40 383
21 40 224
21 23 56
91 21 447
11 31 11
91 24 14
41 24 467
11 29 431
51 34 223
11 39 336
71 21 249
81 34 424
21 20 451
51 38 452
31 10 165
11 50 31
21 44 2
71 44 3
91 19 136
91 20 76
61 4 340
91 46 186
11 38 401
71 45 65
61 14 268
41 42 426
91 46 233
21 9 44
41 12 55
11 45 333
91 31 70
51 16 381
31 39 225
71 32 200
81 45 248
81 47 467
71 25 61
81 49 268
81 45 233
31 2 266
91 2 9
61 38 41
41 21 82
11 24 392
31 46 308
11 39 334
31 49 174
71 10 102
41 26 235
71 4 9
61 37 380
11 29 55
41 31 16
51 7 62
71 13 350
91 10 99
21 28 298
31 42 64
61 36 100
91 46 12
21 14 417
31 50 272
61 3 424
21 3 130
11 8 403
31 25 32
91 45 407
41 43 222
11 16 111
31 38 380
71 2 356
41 24 67
91 20 490
21 3 303
61 12 158
81 46 232
71 39 289
61 43 365
51 31 319
11 9 169
71 10 477
61 41 420
31 4 477
81 47 352
11 16 311
61 35 202
81 40 246
21 19 269
11 27 4
71 50 302
41 49 412
31 10 127
61 19 485
91 48 199
71 32 247
31 17 14
91 31 216
81 43 138
41 18 497
11 16 66
41 12 462
21 40 475
41 12 496
21 31 469
81 36 425
31 11 420
41 4 220
81 43 293
31 11 455
91 35 118
81 16 25
11 38 445
91 27 429
11 7 169
41 50 200
21 5 158
71 15 310
71 23 478
61 16 37
71 28 302
61 35 479
61 20 224
31 46 315
41 39 449
61 47 207
61 17 177
41 50 205
81 19 376
81 15 313
21 12 88
11 43 455
31 20 288
81 11 195
61 37 476
91 39 453
91 4 40
71 25 183
91 27 371
61 19 436
21 12 91
11 1 468
41 33 344
61 8 230
61 21 97
31 31 130
21 19 30
71 8 84
51 33 208
91 43 315
21 44 160
61 39 159
61 30 350
91 27 402
31 28 490
31 31 227
51 10 386
71 41 139
41 32 339
71 28 416
31 11 29
81 25 349
41 39 388
41 40 116
81 26 305
21 18 252
81 35 120
81 9 423
91 30 328
41 42 63
91 29 327
91 36 291
71 16 466
41 35 138
11 15 312
