250 1 9
114 50 499
681 50 495
430 50 493
200 50 489
250 49 484
187 49 483
757 49 483
603 49 479
936 49 478
207 49 478
818 48 477
951 48 476
983 48 473
133 48 471
232 48 471
471 48 469
127 48 468
594 47 462
213 47 461
799 46 456
536 46 455
972 46 447
186 46 446
744 45 445
388 45 444
911 45 442
711 45 437
442 45 434
929 44 433
77 44 432
447 44 427
132 44 425
513 44 422
884 44 421
162 43 418
79 43 416
105 43 414
201 42 413
61 42 405
264 42 402
371 42 401
634 42 401
707 41 401
485 41 398
199 41 394
497 41 392
918 41 389
135 41 387
493 40 383
21 40 383
190 40 380
821 40 379
792 39 378
539 39 378
485 39 374
145 38 373
503 38 372
241 38 370
92 38 370
956 37 369
669 37 369
507 37 366
574 37 365
844 37 363
627 36 363
151 36 362
391 36 361
102 36 360
23 36 351
2 36 350
144 36 345
463 35 344
4 35 342
493 35 342
522 35 339
852 35 338
29 35 338
771 35 332
556 35 325
673 34 323
958 34 323
601 34 322
35 34 321
710 34 319
274 33 318
880 33 314
548 33 309
846 33 308
971 33 307
431 32 305
929 32 304
753 32 303
649 32 296
552 32 294
662 32 294
570 32 291
962 31 291
157 31 290
176 31 290
530 31 285
698 31 284
836 31 282
921 31 280
427 31 275
943 31 274
838 31 273
282 30 273
905 30 272
628 30 272
781 30 267
781 30 266
186 30 262
464 29 262
211 29 260
21 29 260
103 29 258
954 29 257
431 29 245
932 29 240
938 28 238
524 28 237
11 28 236
481 28 230
439 28 230
393 28 229
449 28 229
829 28 225
583 27 220
371 27 219
956 26 217
1000 26 216
712 26 216
813 25 216
82 25 215
437 25 215
248 24 214
890 24 212
727 24 210
670 24 210
448 24 208
313 24 206
901 24 202
717 23 201
950 23 196
942 23 195
615 23 194
665 22 193
978 22 190
886 22 189
925 22 182
993 22 181
546 22 180
454 21 178
642 20 178
680 20 176
793 20 174
639 19 168
281 19 167
853 19 166
722 19 165
562 18 165
222 18 164
765 18 163
946 18 160
813 18 159
801 17 159
216 17 159
795 17 156
544 17 149
844 17 149
45 16 148
525 16 146
583 16 145
742 16 136
218 16 135
72 16 133
715 15 130
889 15 129
884 15 123
780 15 120
31 14 116
221 14 113
311 14 112
217 14 110
732 13 110
615 13 109
714 13 106
51 13 106
778 13 104
636 13 104
843 13 103
716 12 102
555 12 101
776 12 100
675 12 98
389 12 95
261 12 95
900 12 95
925 11 94
408 11 91
141 11 87
939 11 87
224 11 87
205 10 83
74 10 81
173 10 81
470 10 77
908 10 73
957 9 72
660 9 71
960 9 70
338 9 69
435 9 68
748 8 67
873 8 65
788 8 61
116 8 56
520 8 55
532 8 52
184 7 52
131 7 52
919 7 52
642 6 49
852 6 48
50 6 48
350 6 46
100 6 45
726 6 42
858 5 40
119 5 31
473 5 31
74 5 31
684 4 30
982 4 30
468 4 26
402 4 24
279 4 24
548 4 23
950 4 23
767 4 20
286 3 19
453 3 18
459 3 17
910 3 15
717 3 15
596 3 15
124 2 14
974 2 13
912 1 11
759 1 10
