550 8 7
169 31 92
281 7 140
281 3 289
113 6 192
113 34 72
393 1 217
169 11 42
505 43 469
169 10 447
281 16 332
225 44 107
505 2 215
281 30 355
281 4 160
281 8 145
169 29 449
113 36 475
169 12 360
225 17 210
281 42 53
505 8 218
57 7 11
337 33 209
225 6 269
505 36 8
281 38 485
505 44 265
505 43 154
281 10 436
449 16 10
337 21 178
281 17 232
505 28 40
225 42 6
113 49 301
505 17 250
281 45 110
113 35 445
281 13 184
281 21 4
113 8 228
113 50 246
393 25 448
393 47 255
57 1 304
281 21 87
281 41 63
225 47 64
169 18 358
225 40 468
449 16 259
225 1 134
393 15 201
449 28 414
113 3 402
337 36 290
393 34 93
505 44 179
393 28 13
225 18 384
57 8 435
169 26 53
281 31 439
169 13 5
113 37 189
393 50 263
281 39 346
505 22 372
169 34 373
169 45 3
505 1 69
393 6 198
113 11 285
57 34 297
505 23 50
281 2 94
505 3 369
449 38 297
113 32 323
225 48 89
113 37 267
449 16 149
57 28 264
225 4 156
505 23 64
337 37 194
449 42 476
505 9 312
337 44 380
169 17 382
225 12 104
169 24 171
337 32 133
337 49 499
225 50 217
505 48 133
113 32 310
57 13 267
505 47 262
337 14 465
57 40 459
169 43 248
169 18 494
449 28 127
337 50 213
281 23 430
337 14 345
169 9 255
225 10 91
169 35 435
337 32 182
449 50 5
169 48 295
337 18 123
505 25 141
113 38 311
169 16 387
393 40 427
449 30 379
505 12 135
337 27 124
225 13 409
57 24 242
225 8 494
449 5 334
393 15 153
505 14 404
57 20 34
113 6 407
113 17 106
505 4 60
449 45 290
57 37 346
393 43 491
505 12 287
225 36 304
225 28 136
337 25 105
225 34 389
337 19 412
281 36 437
57 44 79
225 2 296
225 22 102
337 40 497
449 31 26
169 29 107
449 32 448
225 23 58
113 15 223
169 23 64
57 6 412
169 38 430
505 41 95
281 50 495
337 44 415
337 22 465
281 20 354
113 1 223
449 19 407
225 6 201
505 15 288
337 46 12
57 8 198
225 37 159
57 31 12
57 16 279
113 29 259
225 22 99
57 39 234
169 42 230
449 14 215
281 41 201
281 47 309
449 22 3
113 7 62
113 13 397
449 19 398
57 40 276
113 46 135
169 20 408
281 8 184
337 26 22
113 33 365
449 27 273
505 22 325
169 1 263
57 6 63
281 27 260
449 31 435
225 47 123
505 36 193
505 43 187
393 45 276
281 44 433
505 8 455
225 34 194
57 23 220
57 7 459
505 41 278
225 29 273
281 19 233
505 46 344
281 34 472
505 25 421
337 14 327
225 46 422
337 37 184
57 34 436
113 4 275
113 16 129
281 5 260
225 44 338
169 23 106
281 1 422
169 49 284
169 9 261
505 41 280
393 9 291
113 29 33
449 49 141
281 49 307
505 31 471
225 3 454
281 20 377
113 37 16
225 40 417
169 11 347
337 4 395
57 1 282
113 18 330
281 22 191
281 14 10
505 14 382
57 2 56
57 13 200
337 13 458
393 49 212
449 33 331
113 38 376
393 22 369
113 25 372
169 14 307
113 39 346
393 35 104
225 26 284
449 2 299
337 8 16
57 33 290
449 9 154
281 50 417
57 8 39
505 47 145
337 46 6
169 46 135
337 42 164
113 3 24
449 25 487
57 24 375
393 9 358
225 42 81
505 43 463
225 25 229
225 11 380
393 28 42
281 18 188
393 4 376
169 5 147
281 43 479
281 39 293
393 11 38
281 31 18
505 42 240
113 34 135
337 21 452
57 17 406
281 10 390
225 29 18
505 37 238
281 19 53
337 17 325
57 1 120
337 25 114
393 17 241
113 15 455
337 13 109
449 7 369
169 14 209
393 47 431
393 21 324
505 40 87
113 33 61
57 8 437
281 45 374
393 40 127
169 19 77
225 3 138
393 40 25
57 16 365
169 44 397
281 25 210
505 18 468
337 30 336
505 22 66
393 17 29
449 36 338
225 18 93
505 31 228
393 20 360
393 38 381
281 49 479
505 39 359
393 23 424
393 20 274
225 44 298
225 37 45
225 19 269
281 29 123
337 30 130
113 32 303
225 19 82
337 26 361
225 10 97
113 34 104
225 12 383
57 9 451
225 21 317
449 44 316
225 22 257
281 12 7
225 29 115
225 37 57
113 17 481
449 19 493
393 46 81
57 26 104
57 47 261
393 26 39
169 17 219
169 34 35
449 13 141
393 37 460
57 47 49
337 8 250
505 12 10
337 10 492
57 49 206
505 2 237
393 19 69
57 48 401
57 29 365
113 16 465
393 26 413
337 4 320
113 27 225
169 42 363
113 8 151
169 31 179
113 9 490
337 38 418
281 34 347
169 47 204
393 16 423
225 23 212
113 17 249
57 4 167
57 34 160
225 43 101
281 49 287
449 37 336
505 40 444
169 29 212
225 45 474
393 33 332
225 36 65
449 8 147
393 36 260
225 27 294
169 44 116
113 34 481
337 9 288
449 1 358
281 29 12
225 4 351
281 33 69
337 49 194
505 4 279
505 10 209
57 20 169
505 36 37
505 10 71
225 30 300
505 19 401
169 29 142
113 15 99
113 35 217
393 14 322
225 16 134
169 45 437
337 13 260
281 49 31
57 20 278
393 5 230
505 8 454
449 19 51
169 36 268
113 2 130
57 8 193
449 8 104
169 22 372
505 30 346
393 21 334
281 48 321
393 16 382
225 16 175
225 27 214
337 8 465
449 18 423
393 11 215
505 48 71
57 26 132
449 18 162
169 6 495
281 32 497
113 4 114
169 13 330
505 12 401
337 31 205
281 30 440
281 23 34
169 36 50
393 25 225
225 1 318
281 20 285
113 29 223
281 32 246
505 18 132
393 49 392
393 42 180
169 13 452
281 49 137
505 39 461
505 24 458
393 26 56
281 18 98
393 5 86
57 42 379
449 13 204
505 32 25
113 38 403
337 16 461
57 47 220
57 43 217
337 48 357
393 30 43
337 6 357
113 6 434
449 16 188
449 39 299
57 7 396
169 41 270
449 39 69
225 1 304
393 4 232
281 11 103
281 32 65
393 29 413
393 23 244
57 10 332
449 6 353
113 17 41
281 13 304
393 34 3
505 44 267
225 35 465
337 20 467
281 45 73
505 26 61
113 5 219
57 22 51
169 42 205
169 10 150
393 3 97
169 34 353
169 5 36
281 48 99
449 47 190
113 9 424
225 36 418
225 5 436
281 44 35
57 44 337
393 3 461
393 10 412
113 1 341
57 50 205
57 28 326
57 47 290
281 18 463
281 1 244
113 16 301
113 48 330
337 29 274
113 48 437
225 41 223
449 48 468
505 1 120
281 26 394
113 33 95
57 45 424
337 11 420
57 18 394
225 7 430
337 2 292
281 44 327
281 23 286
393 28 324
225 15 111
393 10 217
449 14 26
169 39 232
281 17 302
57 50 199
337 36 233
113 6 201
393 11 101
337 25 305
225 1 468
113 44 447
113 50 376
281 36 188
57 27 465
505 16 9
449 7 96
505 25 489
113 38 19
505 27 204
57 11 6
225 7 137
225 29 146
225 35 104
169 34 46
225 50 118
505 49 233
393 10 243
169 17 365
169 12 475
169 49 371
281 3 135
449 11 193
