200 4 8
426 50 1
448 50 1
209 50 4
551 50 6
861 50 6
895 49 7
607 49 9
574 49 13
532 49 17
891 48 23
738 48 25
839 48 31
624 48 37
335 48 39
752 47 42
231 47 42
535 47 43
290 47 44
735 46 45
984 46 47
211 46 48
597 46 49
990 45 51
152 45 55
370 44 56
744 44 57
817 44 58
869 43 60
790 43 62
203 43 66
984 43 68
583 42 74
251 42 77
64 42 78
901 41 80
302 41 81
472 40 84
286 40 87
400 40 89
106 40 89
772 39 89
799 39 90
384 39 97
666 39 101
231 39 102
315 38 102
856 37 105
924 37 106
946 37 107
54 36 110
428 36 115
835 36 115
619 35 120
125 35 123
447 35 125
302 35 126
865 35 130
774 34 130
555 34 131
388 34 132
33 34 134
893 34 139
387 33 151
494 33 157
187 32 157
683 32 160
376 32 161
581 32 165
52 32 166
400 32 168
558 32 173
947 32 183
928 32 183
929 31 183
571 31 185
853 31 193
771 30 193
45 30 196
20 30 197
693 30 205
349 29 207
385 29 211
419 28 215
423 28 216
464 28 217
4 28 217
680 27 219
833 27 219
303 27 219
92 27 225
435 27 229
245 26 237
69 26 237
295 26 239
124 26 239
115 25 246
334 25 247
246 25 250
927 24 252
367 24 253
70 24 253
92 24 256
743 24 257
859 23 259
556 23 266
860 22 268
502 22 272
949 21 272
771 21 276
400 21 276
638 21 277
848 20 281
717 20 287
142 20 288
143 20 291
720 20 292
92 20 293
213 20 294
269 20 298
951 19 303
895 19 304
741 19 307
917 19 311
933 19 313
677 19 316
628 19 318
157 18 319
116 18 319
801 18 325
917 17 330
629 17 336
465 17 336
634 17 339
243 17 339
158 16 342
798 16 343
661 16 348
332 15 351
309 15 363
101 15 365
529 15 366
528 15 367
131 14 368
551 14 368
319 14 369
505 14 369
460 13 370
683 12 372
372 12 372
892 12 377
130 12 382
258 12 386
277 11 387
765 11 389
566 11 390
758 11 394
734 11 400
889 11 409
707 11 410
747 11 411
327 11 411
485 11 412
175 11 414
230 11 414
899 10 414
356 9 417
518 9 424
250 9 425
102 8 426
101 8 427
869 8 427
705 8 429
994 8 430
723 8 431
751 7 431
223 7 437
958 6 437
765 6 442
527 5 442
691 5 443
916 5 445
414 4 445
651 4 446
719 4 448
813 4 450
784 3 450
898 3 451
414 3 457
900 3 459
1 3 460
554 2 460
157 2 466
883 2 466
888 1 476
896 1 477
586 1 478
38 1 479
673 1 484
805 1 488
953 1 489
