950 6 3
163 38 325
55 32 478
145 28 472
73 38 341
19 36 74
73 6 296
163 7 485
109 45 284
55 27 124
145 28 249
145 22 495
145 1 387
73 26 116
37 23 299
73 32 474
127 13 181
145 49 459
109 36 241
55 22 33
163 14 144
73 26 466
163 39 390
163 16 28
127 36 128
127 34 454
145 19 285
109 38 150
109 40 496
55 11 183
37 49 303
109 7 469
127 45 158
127 32 419
163 14 8
37 31 378
127 28 114
127 48 481
145 27 361
145 31 220
163 27 122
145 46 28
127 23 12
37 50 121
91 43 341
37 3 78
163 30 293
91 33 223
163 42 379
37 33 68
127 11 112
127 47 113
109 10 274
19 10 95
73 40 209
19 22 386
91 42 466
73 24 374
55 18 132
91 42 240
109 31 423
55 19 476
55 40 135
19 18 282
73 7 107
109 46 315
145 8 81
127 43 340
163 18 331
109 46 159
91 8 222
109 21 379
145 40 488
91 40 184
127 48 329
37 8 485
127 42 139
73 41 373
73 36 442
55 50 347
19 25 27
127 26 329
73 27 388
19 34 315
109 14 354
37 16 153
55 13 62
109 13 494
55 24 279
73 6 301
163 48 463
145 44 50
55 35 463
127 1 225
55 41 444
127 33 376
91 2 198
145 37 12
55 37 239
163 50 388
127 23 81
37 2 235
91 19 62
145 28 135
37 26 363
109 10 420
109 39 405
163 14 495
91 2 337
91 27 314
37 38 461
163 17 415
37 11 143
55 42 333
127 10 86
19 38 265
37 34 1
145 21 227
163 21 352
91 19 12
163 37 206
109 1 126
55 34 119
19 40 323
91 34 121
55 45 174
37 44 101
163 28 121
163 28 234
145 7 102
163 37 248
127 8 464
91 48 84
145 29 426
127 48 225
55 5 427
91 31 370
145 30 336
127 23 388
91 38 291
19 33 218
37 26 309
37 34 298
145 19 119
19 50 478
109 28 437
163 33 134
127 33 25
163 39 434
37 11 186
19 6 492
91 44 242
91 49 32
127 40 373
37 23 135
19 12 265
127 25 196
127 37 426
19 10 238
19 3 234
163 25 367
91 13 138
19 39 410
37 46 150
163 37 231
127 28 84
37 35 76
91 6 112
55 32 500
163 18 297
91 22 325
55 25 421
91 42 491
163 44 330
19 5 174
163 7 66
109 4 349
19 7 375
19 39 412
19 32 205
55 8 306
73 33 442
19 10 249
145 8 365
127 36 451
55 11 418
109 16 469
73 2 14
19 50 401
73 35 34
163 49 139
127 24 206
55 17 306
19 10 455
37 7 79
109 6 252
55 44 79
91 41 9
37 46 26
19 12 62
19 14 471
55 28 266
91 7 294
19 3 337
163 20 331
145 5 28
109 9 149
55 7 428
109 36 454
37 19 113
55 20 472
55 28 483
163 21 493
91 17 271
163 33 259
109 15 200
91 19 5
19 35 182
73 8 128
109 12 476
73 45 136
145 3 30
109 1 29
127 17 390
109 33 65
163 3 357
109 38 277
19 10 52
127 8 59
55 21 385
55 1 75
37 28 148
37 1 422
37 23 464
145 2 486
127 42 220
145 19 211
55 24 328
55 22 189
19 8 214
19 27 66
55 49 303
37 37 409
73 38 9
127 20 326
19 4 253
19 23 342
91 13 320
19 8 496
127 37 152
73 42 111
127 42 174
127 16 448
91 1 37
127 12 372
91 16 473
145 14 66
163 35 184
55 8 162
91 41 64
91 8 257
145 25 239
163 30 188
37 50 438
145 47 194
55 15 477
145 48 80
109 2 288
19 49 259
37 23 130
163 20 472
91 9 396
55 47 154
55 7 31
19 48 45
73 6 125
91 8 254
163 45 451
55 44 372
145 22 156
91 5 170
37 48 100
55 23 352
127 15 219
145 33 247
109 38 345
163 20 47
73 22 424
127 2 307
127 7 405
37 44 167
55 5 254
163 43 51
19 3 325
37 25 216
127 7 166
91 23 261
37 47 415
55 12 114
19 18 442
19 43 403
109 5 174
91 27 478
19 21 253
73 22 41
145 39 35
19 6 219
73 34 117
109 26 13
19 18 178
19 18 258
55 14 386
73 39 134
19 1 207
109 8 53
19 14 197
109 24 10
163 36 428
73 19 22
19 49 122
73 17 410
37 36 315
37 41 388
91 24 172
19 13 213
73 3 169
91 48 68
145 18 165
127 3 377
163 28 33
109 45 278
163 48 370
73 30 250
37 9 184
163 29 2
55 16 333
19 2 279
109 16 402
163 32 190
37 4 431
91 12 42
37 13 294
91 13 30
37 19 306
127 43 336
127 14 4
163 9 200
73 17 179
91 7 384
127 5 379
55 43 9
91 39 145
55 10 270
19 34 206
163 36 261
73 37 49
163 36 40
55 8 251
37 9 423
163 25 89
91 20 481
145 19 312
145 4 125
145 40 209
145 17 288
91 36 263
109 42 96
109 43 481
55 14 76
109 19 425
127 9 303
163 31 330
109 49 378
145 29 35
145 41 139
127 7 389
91 29 177
127 16 339
163 35 295
73 4 229
37 26 195
145 22 285
91 40 249
163 15 365
109 20 452
91 34 291
163 2 90
163 38 336
163 23 380
145 5 205
145 4 434
163 1 34
37 11 112
109 28 190
91 10 499
37 7 205
145 38 251
163 1 16
145 40 53
163 14 369
55 31 436
163 16 110
145 41 219
145 12 194
19 25 213
127 42 432
55 49 6
109 14 270
37 43 191
163 44 216
163 38 291
73 46 411
127 1 132
127 34 424
37 36 426
19 44 87
91 41 62
55 29 445
163 34 470
145 41 391
19 27 345
37 28 25
19 38 84
55 13 291
91 15 301
145 40 49
19 20 281
145 41 343
163 21 425
19 40 179
163 13 316
55 48 4
73 17 188
91 47 83
109 37 184
55 48 326
163 5 282
145 32 170
91 38 422
37 10 266
91 16 464
163 13 432
73 43 24
19 26 229
91 7 50
109 1 234
19 17 43
127 4 439
91 45 34
73 20 60
37 13 419
163 3 385
145 8 158
73 36 216
109 39 33
73 35 221
145 33 449
91 11 313
91 47 337
127 19 64
91 1 426
73 24 420
109 3 346
91 36 391
91 46 39
163 30 439
55 13 339
109 25 212
145 46 54
55 41 13
91 8 84
19 19 225
73 8 55
19 26 70
37 10 98
163 40 366
109 22 402
55 22 72
37 37 340
91 4 280
163 20 90
19 10 308
73 4 43
73 38 50
145 26 356
145 18 410
163 24 362
163 40 247
127 40 293
109 49 352
19 30 215
109 9 90
37 21 292
55 13 446
109 36 206
127 20 165
127 25 168
163 44 363
163 21 468
73 6 467
19 32 205
145 29 133
37 34 295
163 7 278
55 37 360
55 25 14
19 40 149
37 25 64
73 9 128
37 3 98
109 44 374
73 45 26
163 7 416
109 21 218
127 34 12
55 50 317
55 37 418
73 22 343
163 43 446
37 19 454
37 43 322
19 25 440
37 2 25
73 11 227
73 20 213
91 49 302
73 34 12
109 28 87
127 24 293
109 20 122
37 36 467
127 30 35
55 12 358
127 12 66
109 28 467
37 43 389
109 11 247
19 37 433
145 26 16
91 32 386
109 17 335
55 44 476
163 46 396
55 48 178
91 25 307
19 10 125
55 12 416
163 38 496
163 21 141
55 25 362
163 23 457
163 14 197
19 43 94
127 48 168
55 24 146
163 35 425
163 44 446
73 18 248
145 16 141
37 48 305
109 35 469
19 14 28
19 28 112
145 27 44
37 36 486
19 13 195
73 18 293
145 33 472
91 32 252
55 35 185
145 33 21
127 8 496
127 2 480
145 40 173
91 24 470
73 32 40
37 12 263
163 38 65
163 19 396
145 24 266
73 20 53
19 13 165
163 10 420
145 12 277
127 15 195
145 14 269
19 2 465
127 49 158
163 31 362
109 40 32
55 38 352
109 30 269
127 46 17
127 36 93
37 43 358
37 11 442
19 10 89
163 22 181
19 23 100
145 49 20
163 6 219
127 24 36
55 20 351
37 21 46
145 40 483
73 33 74
91 46 409
127 31 199
73 12 401
91 2 42
55 49 197
163 16 83
73 13 365
19 13 42
127 43 299
127 44 90
55 17 472
55 4 493
73 25 408
145 38 188
145 44 378
37 18 266
109 9 321
109 42 482
109 3 387
19 14 94
19 12 423
19 46 461
73 47 498
37 31 324
37 41 344
19 34 279
91 37 353
19 29 458
91 16 441
19 19 149
163 6 159
55 26 23
145 27 92
37 35 16
145 3 411
37 27 165
37 3 129
145 30 311
127 23 119
127 37 153
91 29 48
145 13 43
109 28 261
55 23 98
55 35 61
145 29 297
127 13 173
55 34 265
91 5 405
127 14 90
91 10 153
73 15 218
145 20 153
109 20 44
163 34 74
163 30 500
55 37 82
91 7 241
109 19 397
19 46 329
109 4 24
37 16 235
109 9 181
163 12 348
37 3 108
163 13 34
163 48 67
19 7 285
145 7 433
109 48 74
127 45 212
163 13 424
55 44 386
73 28 156
127 19 307
109 2 480
19 13 486
163 40 127
127 13 289
127 34 366
37 19 292
163 6 57
55 7 325
127 48 29
37 12 238
145 44 253
91 40 5
19 29 144
37 35 430
37 31 489
55 50 339
127 22 119
163 27 409
109 1 225
37 49 389
127 23 317
73 23 276
127 6 34
19 36 420
145 9 43
163 29 228
163 1 376
73 35 39
19 42 109
73 8 186
145 35 110
145 41 404
37 42 433
127 17 121
127 46 4
37 19 308
37 28 149
163 21 33
145 42 188
145 45 113
55 15 72
91 11 388
73 26 300
127 9 406
163 33 217
19 17 483
37 22 156
55 24 335
73 27 183
109 16 390
19 36 267
73 43 354
19 3 461
145 19 381
91 7 303
109 3 82
163 36 101
55 36 32
37 14 125
127 25 334
145 36 341
55 17 342
37 36 33
109 50 94
55 12 195
55 6 135
145 20 3
127 17 326
91 13 322
109 6 336
145 14 183
163 21 100
73 14 381
55 45 268
145 27 299
145 17 490
163 40 343
109 27 209
91 5 333
163 13 269
37 1 286
145 8 452
91 39 341
109 22 333
19 43 93
145 13 398
37 9 30
55 48 425
19 37 213
37 6 492
163 37 369
163 7 242
19 29 380
91 45 398
37 16 404
55 12 132
127 2 13
37 40 464
37 15 472
109 42 453
73 23 88
73 23 273
127 34 233
163 44 67
37 32 286
37 17 158
109 35 43
73 35 456
73 14 302
109 33 224
91 27 245
55 36 477
127 16 423
55 6 263
73 35 83
109 30 117
91 31 485
55 17 191
37 38 490
163 23 137
91 39 214
127 39 299
145 2 400
73 24 450
73 33 362
91 12 344
55 10 67
37 29 397
19 21 204
91 11 88
145 3 10
109 36 91
55 49 65
109 20 286
109 22 410
37 3 176
19 23 431
91 25 194
73 44 304
91 50 66
37 11 438
91 37 301
37 38 79
37 39 200
91 2 442
163 30 499
55 44 326
37 50 92
163 37 389
55 38 333
37 8 336
163 10 310
91 25 37
127 28 491
127 37 403
55 1 335
19 2 87
37 28 403
163 9 491
109 49 104
109 48 34
19 30 203
37 8 103
91 40 256
37 32 271
163 31 84
37 41 392
37 1 304
145 6 362
163 20 456
163 19 66
109 35 250
145 25 66
163 40 112
145 17 320
55 40 252
19 22 3
37 3 352
19 8 152
145 12 408
145 5 424
127 43 447
73 8 87
19 34 441
19 19 373
91 2 382
73 34 284
109 23 121
109 40 266
145 42 348
19 32 208
55 1 270
37 32 297
109 30 241
19 8 358
73 23 233
73 31 282
55 20 425
109 17 416
55 48 200
109 22 161
145 21 428
109 34 453
37 38 420
127 8 411
109 20 444
55 19 296
73 28 335
163 36 427
145 29 493
163 32 374
163 24 201
19 49 215
163 40 141
109 14 428
91 15 441
163 40 2
109 48 322
163 10 52
73 49 307
109 35 108
109 21 437
127 25 169
145 11 148
109 2 300
73 50 117
145 8 47
55 31 410
109 7 108
19 47 336
19 44 252
37 36 411
127 25 483
73 3 158
37 19 477
55 15 301
127 47 317
127 8 61
73 29 282
127 8 152
145 1 456
55 13 264
109 16 81
73 20 408
109 9 318
37 49 148
55 36 95
91 44 434
19 47 88
109 27 281
73 12 59
109 30 466
37 16 45
127 31 82
109 12 135
163 44 287
127 12 104
109 39 237
19 42 310
91 10 195
163 44 463
19 38 326
19 45 376
19 42 65
55 32 181
145 18 142
163 16 407
55 31 289
55 22 64
73 28 387
