200 5 10
870 50 499
100 50 499
26 50 499
425 50 498
405 50 496
459 50 493
78 49 491
347 49 489
681 49 484
192 49 480
127 49 478
637 48 474
490 48 474
825 48 469
744 48 466
599 48 466
652 47 463
811 47 454
948 46 452
767 46 452
501 46 451
571 46 442
46 46 441
815 45 440
303 45 440
1 45 438
30 45 437
815 45 435
445 45 432
671 45 429
25 45 424
929 44 422
43 44 421
215 44 421
395 43 421
252 42 421
454 42 418
802 42 418
844 42 416
768 42 415
325 41 415
149 41 415
724 41 415
160 40 412
851 40 410
733 40 405
572 39 404
174 39 400
426 39 400
659 39 398
363 38 398
680 38 395
630 37 394
675 36 392
329 36 389
104 36 384
251 35 379
390 35 373
140 35 373
849 35 373
603 35 370
832 34 369
804 34 367
773 34 365
144 33 363
588 33 360
813 33 358
852 33 358
802 33 355
371 32 354
457 32 353
22 32 353
982 32 347
835 32 343
983 32 340
26 31 340
484 30 337
4 30 337
716 30 335
335 30 325
731 30 325
494 30 322
84 29 319
743 29 318
675 29 316
350 29 315
333 28 309
404 28 308
478 28 304
607 28 297
577 26 297
434 26 296
268 26 293
325 26 290
326 26 289
324 26 288
49 25 287
61 25 287
971 25 286
803 25 285
245 25 275
721 24 272
961 24 269
97 24 268
321 24 259
232 23 257
91 23 257
940 23 253
769 23 251
801 23 251
860 23 242
302 23 229
770 23 227
23 22 223
788 22 220
513 22 218
744 21 212
496 21 212
766 21 210
751 21 208
164 21 196
576 21 195
425 20 193
479 20 192
18 20 190
451 20 187
457 20 179
788 20 174
883 20 173
416 19 170
153 19 164
967 18 158
11 18 157
721 17 153
720 17 152
45 17 152
304 16 149
934 16 145
845 16 144
716 16 144
349 15 143
281 15 141
128 14 141
598 14 141
987 14 140
468 13 138
262 13 136
936 13 134
427 13 126
750 13 126
24 13 121
893 12 118
130 12 117
605 12 117
857 12 115
475 12 115
705 12 111
310 11 108
930 11 106
159 11 104
88 10 100
912 10 99
260 9 92
196 9 89
479 9 88
422 9 85
481 9 81
454 8 81
673 8 74
91 8 74
968 7 72
229 6 72
949 6 69
359 6 66
51 6 66
541 6 66
426 6 64
848 6 60
798 5 59
66 5 57
758 5 55
84 5 55
31 5 53
545 5 53
899 4 51
378 4 42
684 4 34
594 3 30
167 3 29
185 3 25
725 3 24
818 3 23
710 3 21
296 2 12
311 2 11
500 2 10
750 2 10
253 1 8
866 1 7
111 1 3
