800 7 9
871 16 202
90 26 421
819 29 284
620 2 88
531 4 416
72 18 321
107 3 463
610 40 242
102 1 223
995 7 388
838 18 411
367 17 483
640 23 451
339 21 128
728 22 123
957 7 63
922 29 424
137 38 55
917 25 289
97 42 234
371 11 487
559 36 498
281 16 110
327 21 395
559 30 104
762 18 351
823 27 204
948 22 96
701 43 282
388 23 328
688 20 60
418 33 324
29 42 27
54 5 208
865 27 370
82 37 79
491 31 170
305 2 243
441 31 75
555 1 127
980 50 59
397 19 355
494 4 482
983 19 259
699 7 234
51 4 168
372 20 11
141 21 373
647 2 153
533 18 18
481 15 368
969 4 418
124 45 465
781 5 197
816 27 417
775 48 42
340 50 48
794 44 147
152 35 440
304 38 218
521 12 364
390 47 56
936 24 375
484 5 361
320 13 15
668 22 489
66 37 38
663 35 479
509 36 487
910 9 191
704 48 349
495 12 377
86 32 385
557 9 158
328 23 38
209 19 22
606 3 352
154 28 435
144 11 147
675 20 384
128 32 308
825 29 4
901 1 276
285 42 311
981 26 136
676 19 38
174 31 28
698 47 427
803 17 120
133 25 485
897 43 115
35 21 61
562 46 103
869 47 460
439 3 416
667 34 480
573 50 135
880 9 160
744 13 265
85 14 273
627 38 387
123 44 155
629 28 380
226 48 392
393 32 83
846 21 126
430 33 439
72 44 8
205 40 139
20 14 191
881 44 165
965 2 454
288 45 480
49 27 143
894 33 280
897 12 98
72 48 208
762 39 448
289 20 11
658 47 51
976 50 65
807 26 95
348 50 14
449 39 288
550 13 290
845 36 248
576 42 64
251 46 241
744 46 346
880 36 45
657 16 257
362 1 76
858 47 39
453 34 407
212 2 406
66 16 373
8 17 114
261 44 367
702 49 278
648 12 468
548 10 89
861 16 282
410 22 423
837 43 233
932 27 22
698 14 369
926 14 313
266 14 291
434 23 46
425 13 84
651 43 350
996 27 479
344 29 259
165 29 479
831 20 460
991 8 428
247 9 498
930 48 317
689 2 200
847 15 496
843 44 22
733 23 440
200 15 17
313 13 430
119 8 109
566 10 457
912 11 349
873 34 14
895 4 457
581 25 249
155 47 478
54 23 235
103 39 444
177 1 444
152 25 250
272 15 271
847 17 161
376 7 427
659 26 86
867 11 233
455 38 492
495 11 476
416 26 477
580 3 469
590 28 489
707 41 149
333 42 173
231 15 349
746 40 169
912 9 234
620 28 254
924 38 321
61 48 264
558 50 232
921 38 442
103 37 139
324 7 331
131 16 379
966 6 362
956 34 113
443 35 86
19 46 140
473 14 208
637 1 344
441 2 278
860 46 419
783 47 146
114 17 86
77 46 370
958 50 180
256 38 103
688 44 161
51 39 424
647 22 58
62 32 256
541 50 406
183 46 324
844 32 39
610 32 98
743 13 209
211 36 408
691 32 411
525 6 463
646 1 184
895 39 203
725 27 330
825 28 126
839 42 204
950 38 452
640 27 104
58 4 149
951 6 108
760 14 458
978 24 211
852 22 243
249 26 187
584 6 386
962 40 465
450 47 331
39 1 152
819 40 325
992 4 414
449 38 93
5 12 398
42 8 405
845 11 294
303 48 446
764 11 47
998 18 119
804 2 119
179 40 382
675 35 183
127 48 288
303 35 104
377 17 143
760 36 433
543 44 477
190 41 314
682 21 469
597 44 240
769 22 124
889 36 441
383 14 78
582 24 92
776 43 48
471 27 243
985 31 348
958 46 74
695 3 53
471 9 157
870 24 349
267 17 15
244 10 414
659 35 259
770 25 463
375 31 277
16 23 127
44 32 74
511 20 493
189 44 26
191 38 172
984 23 54
722 32 314
77 21 261
759 8 112
112 9 490
212 5 333
672 14 280
1 45 495
214 29 191
138 36 462
565 35 228
328 12 455
331 26 32
130 41 225
748 13 442
953 25 349
309 50 400
250 23 401
545 49 114
321 41 97
159 4 420
87 45 128
473 8 49
21 38 336
43 19 408
887 43 437
833 22 45
41 2 103
394 34 280
507 41 235
36 37 429
535 19 305
220 5 320
965 38 277
235 38 495
538 32 292
626 17 236
706 29 263
392 47 197
711 6 292
720 20 83
468 19 185
611 40 116
145 50 314
192 38 219
311 8 58
87 12 433
87 13 109
641 19 98
829 24 453
845 20 298
227 15 200
566 35 284
480 49 299
390 48 268
929 36 308
651 10 377
460 26 456
255 30 127
457 21 287
458 50 139
143 15 389
605 12 410
873 43 102
267 19 449
975 8 480
393 47 254
179 45 348
889 21 390
270 35 160
437 23 456
880 18 401
65 40 212
132 49 303
44 24 399
935 30 295
413 35 250
345 36 145
25 48 312
605 14 379
391 5 457
485 36 441
119 24 35
641 11 432
633 50 203
14 44 456
662 11 167
524 28 61
320 3 94
214 24 276
757 8 390
275 43 365
528 27 476
263 8 7
363 34 199
282 4 20
610 5 36
396 4 201
129 12 262
838 38 500
146 44 61
477 8 255
490 35 137
141 6 286
373 22 419
334 4 347
188 24 1
725 35 480
647 15 391
237 26 465
86 27 61
543 15 13
394 41 436
510 23 127
913 24 416
872 11 439
298 41 241
325 44 37
500 20 58
547 2 224
773 25 166
952 46 220
128 6 211
901 50 352
88 8 89
102 21 298
427 9 187
109 8 311
716 3 394
928 38 315
841 6 134
254 3 441
727 27 320
226 5 490
773 1 77
84 33 267
223 44 480
726 2 38
573 45 483
137 1 316
832 5 488
798 15 192
916 41 218
26 46 168
550 43 500
284 1 135
769 36 151
450 44 120
158 7 280
400 6 192
726 25 112
673 50 425
271 36 362
901 34 168
539 42 193
217 32 268
350 38 80
65 17 388
553 49 397
254 1 251
622 27 39
807 46 415
220 18 15
625 30 253
157 9 47
610 15 183
472 33 246
537 49 383
387 28 114
9 33 94
597 13 253
653 45 143
134 14 232
521 7 312
381 22 141
57 15 159
856 49 133
980 40 32
250 11 248
756 17 351
146 28 298
748 35 267
366 12 167
899 24 311
561 16 50
819 3 273
939 8 481
884 48 481
182 11 9
347 7 337
129 9 307
738 47 107
259 49 47
54 16 432
726 10 152
577 15 458
1 35 294
689 31 483
584 47 441
407 10 78
902 40 23
489 13 382
367 1 198
766 31 473
395 25 268
738 17 335
806 31 269
297 42 416
860 24 363
840 11 250
225 10 84
1 38 377
392 1 318
397 46 35
641 44 406
548 8 499
920 47 182
198 9 298
722 47 98
170 36 211
644 42 330
122 38 391
847 15 188
212 10 392
336 30 134
903 36 455
876 47 73
299 17 259
109 30 294
315 16 318
465 15 35
474 5 494
964 28 73
428 48 248
975 24 175
648 35 338
365 31 102
189 43 243
283 31 433
205 48 91
701 32 101
774 41 170
824 12 234
695 35 420
637 6 264
958 5 196
211 33 157
96 44 85
735 33 89
992 41 427
846 5 397
824 36 410
28 22 449
735 43 201
838 41 283
945 2 297
32 14 195
880 27 474
761 10 408
940 9 452
262 13 338
811 39 329
383 7 422
550 9 205
752 6 389
805 10 252
650 28 379
159 48 431
326 16 76
877 8 253
704 45 475
521 2 374
872 23 436
873 28 7
597 43 263
817 9 378
822 11 53
596 15 2
159 37 104
156 1 28
347 29 269
455 35 69
162 18 54
536 20 211
506 6 321
65 13 215
675 31 494
268 21 400
600 27 499
588 5 108
33 18 246
862 43 261
913 32 43
702 39 450
597 39 275
889 14 184
63 7 50
56 23 422
162 30 203
327 7 402
724 35 265
927 6 101
393 17 102
706 31 103
152 47 240
837 3 422
100 3 475
346 45 434
461 11 488
227 41 69
722 1 259
147 37 270
672 1 88
541 12 459
83 19 488
206 38 81
634 41 175
418 45 388
834 40 168
442 26 118
356 11 58
31 5 374
880 29 6
766 20 407
728 14 299
239 11 125
328 38 67
604 32 318
348 1 270
585 7 363
6 36 234
460 22 181
673 33 54
430 4 19
233 29 390
531 25 230
26 8 81
86 4 57
215 22 9
576 33 496
560 12 341
918 20 365
568 9 74
370 41 48
729 19 131
608 42 318
988 35 383
576 12 363
944 5 153
223 30 286
727 35 401
870 9 334
351 38 412
525 39 155
467 9 238
256 6 416
185 8 92
147 28 284
900 43 116
997 40 280
692 46 475
357 43 447
103 39 1
138 3 19
707 11 142
351 17 243
157 45 195
169 10 45
329 26 99
16 50 211
972 1 13
421 11 408
9 7 33
706 10 478
285 37 497
468 24 365
10 33 353
499 27 453
849 42 284
937 14 471
376 9 205
339 29 279
197 2 465
844 21 446
733 9 56
139 36 20
493 18 474
736 45 282
550 44 169
54 31 274
181 41 228
239 1 158
938 3 314
206 25 132
123 48 43
485 47 224
93 34 257
662 4 357
889 5 316
727 18 146
914 20 445
296 21 6
550 32 12
798 27 242
174 22 199
242 45 412
789 22 204
886 22 87
344 45 44
570 11 472
654 17 215
693 8 109
222 48 42
211 21 488
289 40 464
289 21 423
659 26 411
203 50 372
442 33 79
345 50 432
29 23 79
435 46 378
903 7 53
663 50 455
827 33 475
530 16 97
621 3 137
560 44 124
346 38 267
239 42 224
176 26 35
745 15 109
840 46 464
64 46 362
858 3 238
424 8 458
17 28 415
988 40 310
107 16 55
826 43 458
711 48 482
993 15 240
992 5 115
999 10 351
615 13 125
755 40 489
423 18 45
32 47 68
485 40 45
115 30 3
655 20 40
985 21 306
889 25 484
247 38 34
165 48 285
360 27 132
226 2 462
340 18 283
137 22 439
497 4 456
840 40 405
45 46 350
856 37 327
492 43 72
456 24 308
414 41 27
522 49 362
381 2 441
600 8 141
178 40 118
141 27 354
447 8 52
794 30 348
701 33 441
82 15 81
421 6 110
989 19 381
679 45 186
435 7 230
373 45 22
46 30 494
614 7 390
158 47 158
266 28 64
509 48 478
238 31 272
820 39 222
734 48 273
708 31 410
808 36 96
939 23 448
402 28 334
306 11 314
612 49 86
179 46 212
51 7 408
245 6 441
69 4 330
748 11 249
874 34 106
934 4 398
152 8 202
685 31 185
198 2 62
133 19 350
72 30 477
784 4 196
737 18 195
221 16 266
426 26 175
897 50 34
237 34 201
979 23 114
592 5 92
550 47 229
554 48 286
303 28 413
131 6 386
800 37 486
