600 3 8
208 27 280
285 29 22
385 10 257
252 38 311
633 22 6
564 41 356
324 14 240
9 29 67
241 14 126
276 39 151
69 35 6
86 16 372
682 35 189
5 5 128
619 27 98
127 15 65
586 14 313
432 48 99
289 38 80
642 38 324
327 36 433
31 7 393
208 24 210
587 27 486
189 27 61
460 35 250
64 29 261
783 9 191
694 39 385
574 23 492
729 32 212
340 1 420
388 46 191
463 48 202
370 30 352
14 12 16
508 37 163
930 28 225
844 36 356
525 31 187
250 35 12
529 25 36
500 8 116
554 21 378
404 17 63
37 16 252
364 33 122
345 18 72
309 34 390
543 26 289
774 31 441
497 38 51
72 42 23
322 16 416
268 32 494
495 42 323
510 40 393
251 4 99
750 23 72
665 7 456
53 21 490
472 13 91
929 26 243
799 29 339
846 17 454
453 35 274
897 13 125
997 7 19
377 17 287
654 25 80
651 46 403
28 7 453
568 17 332
70 19 464
761 26 439
966 3 197
287 29 264
334 26 8
315 46 411
48 7 346
892 42 442
689 32 422
854 1 54
962 6 489
464 17 64
131 14 474
324 4 50
620 36 490
841 28 333
129 28 61
440 6 119
881 47 152
866 18 439
387 15 392
821 3 74
6 24 434
777 2 469
621 13 62
930 28 258
180 15 228
36 40 110
510 34 81
844 21 468
657 10 232
264 40 411
360 24 495
160 42 161
877 13 82
406 31 124
965 6 361
779 32 334
897 18 10
515 41 307
114 48 469
192 4 48
875 38 368
948 50 385
740 9 344
869 33 303
684 22 243
979 16 98
992 13 372
642 43 145
899 8 500
546 31 308
577 34 336
920 45 280
571 12 194
826 29 364
675 31 459
858 14 369
352 2 275
496 29 13
475 24 371
435 8 179
360 14 417
628 20 82
161 32 426
140 25 40
781 8 159
118 12 211
261 14 107
712 10 343
614 8 153
782 30 111
926 17 294
86 31 375
414 40 130
823 21 481
993 28 390
682 40 380
69 32 465
809 30 421
430 46 409
376 8 224
579 40 194
488 21 319
406 2 119
118 15 1
380 16 395
558 25 88
81 49 408
389 32 163
821 49 96
993 17 272
908 7 403
860 45 201
133 9 47
457 6 44
958 16 496
594 6 473
896 4 466
273 19 92
987 35 465
518 43 88
477 28 42
985 11 113
497 24 382
268 9 423
576 45 441
981 8 406
920 22 488
142 31 365
194 2 265
773 22 341
902 36 471
589 36 219
909 17 315
881 20 18
328 29 12
379 17 438
52 1 311
959 30 287
228 34 133
303 30 384
775 50 211
827 42 127
42 36 309
876 49 81
677 2 360
315 13 77
667 20 61
646 30 500
515 15 173
350 44 40
282 29 441
1 9 435
529 20 73
983 44 421
231 18 80
344 41 100
437 10 87
43 14 149
610 3 121
591 21 435
295 26 190
307 15 474
588 23 302
262 20 177
380 46 152
48 12 473
320 15 316
379 43 127
687 35 385
634 32 27
280 27 27
307 33 296
2 31 396
507 2 493
380 24 53
981 6 219
363 32 128
734 31 261
60 26 385
307 44 29
297 41 449
775 4 310
783 30 161
942 14 192
999 50 500
254 24 51
988 18 408
716 42 162
920 36 274
884 26 433
349 42 459
912 40 461
473 38 276
705 49 192
851 30 99
639 29 44
165 27 131
137 41 333
596 38 384
435 19 114
26 22 471
619 49 495
481 49 336
46 21 419
129 43 131
741 18 142
756 1 391
765 5 152
435 10 52
470 26 252
934 46 121
198 37 268
176 24 351
464 48 83
925 46 470
287 16 386
850 29 240
832 31 328
580 14 402
53 1 105
246 25 460
453 43 228
829 19 360
926 6 296
539 34 273
418 21 427
329 49 309
259 19 38
524 8 58
809 27 414
520 34 69
742 29 29
184 22 249
758 15 286
507 23 330
507 35 140
761 6 236
84 19 436
238 13 202
719 34 139
114 13 420
862 11 66
115 22 352
898 22 317
394 10 473
741 4 259
609 48 36
378 3 113
14 15 32
794 33 150
867 47 447
758 3 281
403 21 387
145 43 335
557 27 456
187 23 431
969 6 490
314 25 128
857 40 400
247 25 24
252 39 123
635 10 228
551 48 442
663 1 252
381 9 312
534 10 147
378 29 389
936 37 197
782 48 115
716 17 77
767 29 484
791 32 421
227 1 427
364 43 456
696 49 122
421 16 24
436 41 433
227 42 413
863 32 6
858 17 22
519 44 101
393 8 435
222 36 366
644 10 229
131 26 350
708 2 157
986 16 369
653 10 134
472 10 74
908 5 62
431 45 348
918 28 379
587 32 20
260 5 2
182 16 29
684 23 366
21 37 408
761 20 115
251 24 479
198 22 304
668 35 116
945 38 402
267 49 359
185 15 445
562 42 317
298 22 17
202 35 380
736 10 352
162 22 126
813 39 274
810 50 89
435 4 332
650 2 238
247 48 238
647 42 243
299 10 379
394 47 12
3 11 364
199 7 289
918 41 462
547 15 471
550 2 252
727 2 186
238 19 105
219 14 68
143 42 141
8 28 472
113 1 419
61 2 236
594 9 447
768 3 174
900 47 123
206 44 184
192 7 6
501 31 103
233 3 392
283 7 331
86 48 72
347 49 200
650 43 143
591 41 203
904 44 398
526 20 478
145 44 231
298 31 476
265 45 439
915 14 39
838 50 93
955 22 7
401 3 301
673 45 110
636 15 394
14 23 41
450 39 468
581 2 101
481 31 451
289 30 498
489 46 473
906 14 177
40 15 372
600 34 473
884 41 92
166 29 121
652 37 484
282 23 13
517 7 406
105 17 190
475 18 429
715 37 325
682 7 235
681 18 245
725 19 163
305 27 126
391 15 308
776 14 454
240 1 456
51 8 330
379 38 314
711 28 64
594 33 384
795 41 442
987 10 263
875 8 306
786 2 143
701 26 333
741 38 249
621 43 265
619 13 69
137 2 460
460 16 197
823 12 340
54 13 92
298 15 402
268 16 473
66 29 133
203 15 229
602 14 280
515 47 74
900 47 490
388 18 264
301 47 50
851 22 410
686 27 120
686 5 294
26 22 394
951 7 409
524 19 124
933 30 210
417 23 6
825 21 483
437 27 385
3 48 212
630 17 233
988 5 335
602 16 273
180 16 308
413 21 402
84 17 432
43 50 419
857 44 118
214 26 269
695 6 194
732 21 67
320 1 335
664 13 239
887 28 294
366 38 173
852 14 64
715 36 354
110 31 173
898 31 260
967 37 430
581 40 291
6 38 119
768 45 295
448 7 38
231 22 186
611 1 437
101 9 195
523 18 102
489 30 388
254 30 59
978 18 315
76 39 210
920 30 344
120 42 13
913 4 125
839 43 221
97 31 189
817 25 155
523 24 309
719 5 140
981 30 492
339 32 127
956 31 332
241 20 442
277 23 306
543 32 447
999 41 405
837 15 442
208 1 21
659 25 265
126 13 412
496 33 362
880 40 235
101 9 259
473 14 9
865 4 132
291 29 444
511 13 183
896 26 382
437 17 31
390 38 325
376 31 300
291 42 424
370 11 84
93 8 259
460 13 32
29 22 380
469 18 455
773 32 86
201 16 128
937 38 410
161 17 442
442 22 467
150 37 17
252 18 232
13 28 109
69 20 36
201 48 144
562 24 437
351 3 51
31 38 222
117 28 299
501 22 86
283 48 452
121 24 387
525 35 139
63 31 234
930 6 276
236 9 263
768 43 444
712 46 54
137 38 390
220 28 289
609 35 472
778 10 74
720 41 411
32 21 46
228 32 429
842 8 211
284 1 277
605 7 320
496 45 21
385 7 487
122 31 367
425 47 201
244 42 72
504 42 411
184 46 206
5 34 196
161 24 393
913 22 294
193 17 471
866 31 390
352 25 346
570 14 361
580 34 269
764 47 158
801 37 406
484 49 42
690 40 370
100 10 415
233 40 408
761 39 255
987 36 362
80 12 7
511 23 482
501 34 100
812 46 382
654 44 376
98 41 472
203 20 194
287 5 308
958 49 179
