300 10 8
361 1 1
357 1 4
965 1 6
55 2 7
837 2 8
800 2 8
112 2 8
15 2 10
343 2 10
738 2 11
185 3 12
837 3 14
480 3 15
369 3 16
207 4 17
688 4 18
228 4 19
774 4 19
291 4 20
648 4 21
583 5 22
226 5 24
323 5 24
961 5 27
183 5 28
23 5 35
787 6 36
561 7 38
341 7 39
41 7 39
522 7 39
304 7 39
897 7 40
139 7 41
780 7 42
150 7 43
9 7 46
38 7 50
449 8 50
35 8 51
381 8 52
571 9 55
65 9 55
840 9 58
218 9 58
658 9 58
58 9 63
27 9 64
298 10 66
131 10 66
896 10 66
183 11 68
28 11 76
90 11 77
575 11 78
562 11 79
966 11 80
224 11 82
952 11 83
688 11 84
683 12 86
76 12 89
30 12 90
324 12 95
930 12 95
376 12 95
611 12 100
79 13 100
277 13 101
720 13 102
4 13 112
665 13 115
194 14 115
29 14 123
238 14 123
948 14 124
66 14 132
975 14 134
948 15 137
561 15 140
251 15 142
538 15 147
990 15 149
538 15 151
125 15 153
807 15 154
383 15 154
622 16 155
229 16 155
588 16 159
275 16 161
259 16 162
457 16 162
926 16 164
371 16 166
77 16 169
393 17 170
737 17 171
799 17 172
477 17 175
606 17 175
130 17 175
559 18 176
165 18 178
610 18 179
684 18 181
605 18 181
343 19 183
403 19 184
790 19 184
194 19 185
29 19 186
965 19 186
14 19 187
916 19 192
12 19 193
771 19 195
495 20 196
176 20 197
658 20 199
418 20 199
190 20 200
930 20 200
30 21 201
442 21 201
859 21 204
231 22 206
798 22 206
994 22 208
82 23 208
147 23 208
547 23 210
407 23 210
664 23 211
715 23 217
706 23 218
393 24 225
451 24 225
569 24 226
372 25 226
762 25 231
19 25 232
248 25 233
916 25 233
643 25 245
749 26 248
435 26 251
920 26 252
612 26 255
486 26 256
678 26 259
713 26 260
224 26 261
587 26 263
184 26 265
669 26 268
163 27 269
519 27 270
380 27 271
500 27 272
769 27 275
983 27 281
787 27 283
967 27 284
437 27 286
903 27 287
567 28 288
836 28 291
698 28 292
119 28 295
38 28 296
942 29 296
393 29 296
256 29 298
553 29 299
762 29 299
256 29 302
313 29 303
360 29 305
124 29 307
291 30 309
798 30 313
364 30 313
544 30 313
754 30 313
231 30 314
681 30 317
28 30 320
271 30 322
287 30 328
254 30 329
90 30 333
170 31 334
627 31 335
715 31 336
604 31 337
339 31 341
602 31 341
37 32 341
952 32 343
995 32 344
940 32 345
448 32 348
651 32 348
583 32 348
91 32 349
994 32 349
714 33 351
153 33 357
286 33 359
632 33 359
339 33 359
453 33 360
237 33 364
663 34 366
426 34 369
782 34 370
342 35 370
361 35 379
823 35 379
843 35 380
534 36 381
259 36 381
517 36 382
345 36 384
27 36 384
175 37 385
470 37 386
141 37 388
742 37 388
698 37 388
673 37 388
454 38 397
702 38 399
787 39 399
118 39 400
781 39 400
39 39 401
703 39 402
368 39 403
643 39 403
930 40 405
46 40 407
409 40 408
717 40 409
662 41 410
35 41 412
132 41 414
558 41 415
932 41 415
349 41 416
731 42 418
337 42 421
696 42 421
877 42 424
408 42 424
138 42 425
499 42 426
419 43 426
121 43 426
936 43 428
141 43 428
913 43 430
452 43 430
344 43 436
512 43 438
108 43 439
482 44 440
857 44 440
392 44 442
331 44 444
961 45 444
632 45 448
799 45 449
861 45 451
658 45 455
104 46 457
757 46 457
739 46 459
585 47 469
63 47 471
396 47 471
943 47 472
850 47 476
288 47 476
409 47 477
696 47 480
624 48 481
280 48 484
95 48 484
851 48 485
120 48 486
31 48 487
301 49 490
752 49 491
565 49 492
894 50 495
600 50 497
870 50 499
813 50 499
