450 7 8
181 50 499
55 50 497
315 50 492
938 50 491
760 50 491
195 50 490
101 50 485
179 50 485
290 50 482
507 50 482
738 50 482
643 49 481
796 49 477
314 49 477
714 49 474
170 49 471
814 49 470
452 49 469
53 49 468
626 49 468
139 48 464
900 48 460
151 48 459
999 48 458
416 48 455
346 48 453
871 48 452
881 48 452
466 48 451
692 47 444
947 47 444
436 47 443
139 47 442
227 47 441
634 47 439
985 47 438
697 47 437
183 47 435
101 47 434
173 47 433
371 47 432
205 46 432
491 46 431
983 46 431
369 46 431
732 46 430
407 46 429
47 45 427
943 45 424
319 45 424
912 45 424
618 45 423
469 45 423
580 45 423
173 45 423
362 45 423
462 45 422
587 45 416
795 44 416
722 44 416
499 44 414
219 44 412
108 44 412
48 44 409
956 44 408
654 44 408
125 44 408
539 44 408
554 44 406
533 44 405
53 44 405
923 43 404
300 43 403
934 43 403
77 43 403
567 43 402
852 43 401
873 43 400
233 43 400
338 42 399
252 42 398
786 42 397
89 42 396
895 42 392
843 42 392
633 42 390
572 41 389
460 41 387
654 41 386
566 41 386
98 41 385
387 41 384
685 41 383
487 41 381
547 41 380
706 41 379
347 41 377
660 41 376
938 41 374
716 41 373
601 40 373
705 40 372
608 40 371
241 40 370
712 40 369
42 40 369
246 40 368
944 39 367
896 39 367
678 39 365
586 39 362
45 39 361
354 39 361
866 39 360
37 39 360
38 38 360
55 38 360
911 38 359
200 38 358
903 38 358
99 38 358
805 38 358
256 38 358
253 38 357
10 38 356
918 37 354
941 37 351
96 37 349
13 37 349
63 37 348
682 37 348
705 37 346
728 37 342
289 37 340
690 37 340
483 36 340
331 36 340
646 36 339
624 36 338
174 36 338
443 36 337
647 36 334
32 36 334
286 36 333
972 36 331
778 36 330
664 35 329
330 35 328
806 35 328
337 35 327
469 35 324
856 35 323
602 34 323
38 34 322
307 34 322
319 34 321
263 34 321
50 34 321
4 34 320
372 34 319
692 34 318
701 33 317
444 33 317
894 33 316
100 33 314
911 32 314
207 32 314
749 32 313
954 32 311
413 32 310
928 32 308
620 32 304
975 32 302
488 32 298
350 32 295
791 32 295
759 31 291
391 31 291
389 31 290
520 31 286
52 31 285
412 30 285
615 30 285
916 30 281
101 30 280
172 30 278
989 30 276
650 30 276
800 29 276
216 29 275
614 29 275
196 29 275
79 29 274
369 29 274
770 29 274
382 29 273
897 29 267
776 28 267
851 28 266
547 28 266
328 28 266
523 28 261
857 28 260
6 28 259
786 28 259
916 28 258
545 27 257
334 27 256
766 27 255
716 27 255
649 27 254
315 27 251
237 27 250
236 27 250
442 27 248
253 27 248
51 26 248
348 26 247
842 26 246
205 26 246
120 26 242
148 26 242
222 26 241
427 26 240
648 26 240
255 25 239
9 25 239
13 25 238
203 25 233
592 25 232
419 25 232
873 25 232
177 25 231
109 25 230
24 25 229
913 25 229
438 24 227
528 24 227
707 24 226
38 24 226
678 24 225
677 24 224
935 24 224
816 24 223
469 23 222
445 23 222
723 23 221
329 23 220
69 23 219
680 23 218
248 23 218
809 23 216
21 23 215
642 23 215
560 22 214
900 22 214
939 22 212
36 22 211
812 22 208
272 22 207
158 22 207
363 21 207
513 21 205
659 21 204
306 21 203
94 21 200
793 20 197
409 20 197
296 20 197
472 20 197
194 20 196
18 20 195
417 20 195
102 20 194
565 20 194
442 20 194
632 19 193
19 19 192
964 19 190
403 19 189
889 19 187
374 19 185
937 19 183
29 18 183
258 18 181
973 18 181
104 18 180
701 18 180
756 18 180
811 18 175
504 18 175
627 18 175
957 18 174
37 18 173
771 17 172
509 17 170
958 17 170
698 17 169
39 17 169
897 17 168
308 16 165
600 16 163
952 16 162
672 16 162
870 16 161
355 16 161
460 16 161
982 16 160
33 16 158
817 15 157
187 15 156
430 15 156
3 15 155
113 15 155
801 15 153
379 15 153
898 15 153
314 15 152
66 15 151
89 15 150
224 15 149
408 14 147
209 14 145
217 14 144
598 14 141
201 14 140
468 14 138
211 14 138
258 14 137
341 13 136
231 13 134
750 13 134
686 13 133
716 13 133
867 13 132
363 13 131
606 13 130
769 13 129
19 13 129
136 13 129
750 13 128
60 13 127
235 12 125
352 12 124
822 12 122
950 12 121
62 12 120
367 12 117
963 12 117
789 11 116
906 11 114
107 11 114
706 11 113
232 11 113
138 11 111
991 11 108
468 11 108
804 11 107
352 11 107
609 10 106
497 10 106
380 10 106
428 10 104
27 10 103
770 10 103
895 10 102
310 10 101
95 9 100
927 9 97
363 9 96
692 9 94
347 9 93
802 9 93
168 9 90
168 9 90
172 9 90
190 8 90
512 8 89
378 8 89
702 8 88
623 8 86
754 8 85
317 8 85
961 8 84
527 8 84
69 8 82
696 7 82
648 7 80
314 7 75
106 7 72
155 7 68
235 7 68
559 7 68
18 7 67
492 7 66
165 6 66
916 6 66
718 6 66
245 6 65
8 6 62
189 6 61
142 6 61
300 6 61
315 6 60
912 6 58
913 5 56
63 5 54
21 5 54
592 5 53
723 5 53
841 5 51
268 5 50
635 5 49
845 5 47
614 5 47
310 4 44
666 4 41
93 4 41
743 4 41
217 4 40
78 4 40
414 4 40
330 4 38
782 4 37
249 4 36
867 3 34
673 3 29
455 3 29
216 3 28
757 3 28
301 3 27
969 2 25
259 2 23
364 2 23
118 2 23
445 2 21
325 2 21
210 2 19
834 2 17
665 1 16
527 1 15
603 1 14
449 1 14
860 1 13
164 1 12
9 1 12
937 1 12
278 1 9
552 1 9
876 1 3
