800 6 1
939 1 500
544 1 499
124 1 499
67 1 498
292 1 498
50 1 498
137 1 498
683 1 497
370 1 496
974 1 496
298 1 495
27 1 495
514 1 495
855 1 494
295 1 493
728 2 492
974 2 491
250 2 491
897 2 490
838 2 489
196 2 489
768 2 488
666 2 486
843 2 485
192 2 485
40 2 484
591 2 482
49 2 482
39 2 481
937 2 481
260 2 481
525 2 480
97 2 480
653 2 479
170 2 477
829 2 476
810 3 476
18 3 475
103 3 474
695 3 474
501 3 474
850 3 474
714 3 474
84 3 473
189 3 471
650 3 471
633 3 470
987 3 470
250 4 470
935 4 469
553 4 468
569 4 468
940 4 467
700 4 467
201 4 466
766 4 465
632 4 464
552 4 463
972 4 462
484 4 458
188 4 458
309 4 457
169 5 457
833 5 457
720 5 454
11 5 453
480 5 453
491 5 451
554 5 450
563 5 450
763 5 449
355 5 449
974 5 449
608 5 448
959 5 447
282 5 447
57 5 447
263 5 445
94 5 445
464 5 445
576 5 445
135 5 445
723 6 444
283 6 444
458 6 443
427 6 443
617 6 442
525 6 440
54 6 439
141 6 438
919 6 438
942 6 438
522 6 437
437 6 437
332 6 435
112 6 435
170 6 434
463 6 433
323 6 432
266 7 431
841 7 429
834 7 429
259 7 429
492 7 429
615 7 428
924 7 426
806 7 425
785 7 425
351 7 425
275 7 425
620 7 424
715 7 423
972 8 420
462 8 420
131 8 419
64 8 419
1000 8 418
794 8 417
205 8 417
953 8 417
936 8 416
209 8 416
926 8 415
868 8 414
711 8 412
149 8 412
409 8 412
759 9 411
485 9 409
259 9 409
150 9 408
965 9 407
971 9 407
170 9 406
946 9 406
582 9 405
246 9 404
186 9 404
466 9 404
590 9 403
814 9 403
577 9 403
877 10 402
663 10 401
914 10 401
440 10 400
278 10 400
546 10 400
178 10 399
989 10 399
163 10 399
593 10 399
841 10 399
762 10 398
605 10 398
104 10 398
36 10 396
186 10 396
12 10 396
866 10 396
467 10 396
308 10 393
318 10 393
720 11 392
691 11 392
816 11 392
3 11 392
716 11 390
214 11 389
982 11 389
456 11 389
44 11 388
688 11 387
350 11 387
623 11 386
673 11 386
62 11 385
82 11 385
55 11 384
999 11 383
261 11 383
327 12 382
317 12 382
671 12 382
109 12 381
234 12 381
495 12 380
560 12 380
528 12 380
688 12 380
416 12 379
205 12 378
274 12 378
942 12 378
765 12 377
752 13 377
438 13 375
823 13 375
987 13 374
931 13 373
107 13 373
748 13 373
219 13 373
519 13 373
370 13 372
277 13 372
228 13 372
198 13 372
461 13 371
358 13 369
347 13 369
402 13 369
285 13 368
381 14 368
9 14 368
417 14 367
704 14 367
583 14 367
488 14 365
696 14 365
53 14 365
946 14 364
299 14 363
476 14 363
677 14 362
381 15 362
986 15 362
231 15 361
416 15 361
84 15 361
967 15 359
664 15 359
665 15 359
624 15 359
448 15 359
763 15 359
472 15 358
107 15 357
425 15 357
136 15 357
961 15 356
225 15 355
69 16 355
440 16 355
622 16 355
314 16 354
353 16 354
169 16 354
750 16 354
308 16 353
29 16 352
714 16 351
280 16 351
117 16 350
656 16 349
514 17 349
704 17 348
181 17 348
599 17 348
843 17 347
117 17 347
554 17 346
65 17 346
804 17 344
924 17 343
638 17 342
274 17 342
333 17 340
829 17 340
43 17 340
626 17 338
827 17 338
712 18 338
967 18 337
841 18 337
323 18 337
955 18 336
562 18 335
882 18 333
891 18 333
635 18 332
956 18 332
465 18 331
116 18 330
660 18 329
84 18 328
970 18 328
708 18 327
832 18 327
99 19 327
512 19 327
160 19 325
256 19 325
958 19 324
606 19 324
998 19 323
913 19 323
690 19 323
341 19 323
240 19 323
925 19 322
298 19 322
811 19 322
629 20 321
573 20 320
76 20 318
340 20 318
105 20 318
881 20 317
315 20 317
160 20 317
709 20 316
100 20 315
693 20 315
937 20 315
601 20 315
38 20 314
820 20 313
343 20 312
782 21 311
495 21 310
809 21 309
449 21 309
288 21 308
93 21 308
388 21 308
890 21 307
944 21 304
467 21 304
920 21 303
102 21 302
864 21 302
206 21 302
772 21 301
584 21 301
896 21 300
708 21 300
637 21 297
153 22 297
598 22 295
211 22 293
334 22 293
663 22 292
377 22 292
596 22 291
810 22 290
8 22 290
206 22 290
650 22 290
712 22 290
809 22 290
603 22 289
691 23 289
340 23 289
599 23 286
393 23 284
466 23 283
327 23 282
681 23 282
480 23 282
61 23 281
357 23 281
752 23 281
954 23 281
674 24 280
484 24 279
149 24 279
961 24 279
881 24 277
484 24 277
389 24 277
892 24 277
734 24 277
642 24 275
563 24 275
372 24 275
391 25 273
894 25 273
130 25 272
270 25 271
28 25 270
685 25 270
493 25 270
321 25 268
655 25 267
305 25 266
446 25 265
206 25 265
961 25 265
923 25 264
935 25 264
904 26 263
5 26 262
171 26 262
984 26 262
833 26 261
214 26 260
838 26 260
509 26 259
164 26 259
801 26 258
150 26 257
715 26 256
193 26 255
550 26 255
240 26 255
256 26 253
842 26 253
665 26 253
999 27 252
76 27 250
637 27 249
591 27 249
990 27 249
951 27 249
210 27 248
335 27 247
250 27 247
552 27 246
340 27 245
286 27 245
37 27 244
576 27 242
364 27 241
407 28 240
159 28 240
433 28 239
937 28 238
437 28 235
287 28 234
478 28 233
932 28 231
646 28 231
544 28 230
632 28 229
544 28 229
159 28 223
831 28 223
441 29 222
247 29 221
334 29 218
464 29 218
921 29 218
799 29 218
32 29 218
384 29 217
123 29 217
35 29 216
239 29 216
52 29 215
52 29 215
478 29 214
359 29 213
185 29 213
455 29 212
378 29 211
685 29 211
365 29 210
183 30 209
79 30 209
180 30 208
291 30 208
666 30 208
975 30 207
462 30 206
396 30 204
878 30 204
461 30 204
716 30 204
792 30 203
708 30 203
974 30 201
50 30 200
37 30 200
814 31 200
104 31 200
794 31 200
974 31 198
941 31 198
64 31 198
667 31 198
596 31 198
267 31 197
16 31 197
61 31 197
202 31 196
602 31 196
476 31 196
380 31 196
450 31 195
79 31 195
869 31 194
711 31 194
157 32 193
695 32 193
239 32 193
84 32 190
632 32 190
540 32 189
813 32 189
42 32 189
506 32 187
907 32 187
701 32 186
114 32 186
297 32 185
294 32 184
781 32 184
938 32 184
917 32 183
9 32 183
468 33 183
839 33 182
564 33 182
395 33 181
990 33 180
79 33 179
621 33 179
651 33 178
439 33 175
97 33 173
736 33 173
332 33 172
225 33 171
825 33 170
586 33 170
511 33 169
617 33 169
60 34 168
854 34 168
707 34 168
475 34 166
500 34 165
311 34 165
204 34 164
206 34 164
952 34 163
730 34 163
341 34 162
617 34 161
916 34 161
616 34 161
11 34 160
45 34 160
184 34 159
450 34 158
783 35 158
397 35 157
215 35 156
301 35 156
327 35 156
319 35 155
927 35 155
413 35 154
643 35 153
791 35 153
880 35 153
797 35 152
631 35 152
9 35 151
34 35 151
812 35 150
418 35 150
307 35 150
39 35 150
435 35 150
745 35 149
157 36 149
178 36 149
859 36 149
32 36 148
641 36 148
619 36 148
476 36 147
62 36 147
5 36 147
985 36 146
856 36 146
452 36 145
151 36 145
970 36 145
479 36 145
811 36 144
160 37 144
938 37 143
299 37 142
319 37 142
681 37 142
837 37 141
659 37 140
123 37 140
370 37 139
898 37 137
812 37 137
626 37 135
962 37 134
639 37 134
859 37 132
655 38 131
888 38 131
915 38 131
272 38 129
866 38 129
680 38 128
988 38 127
269 38 127
440 38 126
273 38 125
950 38 125
20 38 124
917 38 124
91 38 124
308 38 123
718 38 122
577 38 122
622 39 120
918 39 120
287 39 119
852 39 118
613 39 118
423 39 118
751 39 118
63 40 117
529 40 117
577 40 117
100 40 117
625 40 116
419 40 115
975 40 114
979 40 114
522 40 113
489 40 112
167 40 112
301 40 112
760 40 111
754 40 111
651 40 111
646 40 110
379 40 109
740 40 109
507 40 108
441 40 108
551 40 108
314 41 108
680 41 108
687 41 107
998 41 106
964 41 106
703 41 104
534 41 103
551 41 102
126 41 102
176 41 101
78 41 101
71 41 101
930 41 101
522 41 99
791 41 99
34 41 98
58 41 98
140 41 96
670 41 95
982 41 93
549 42 93
107 42 92
758 42 91
653 42 91
811 42 90
11 42 89
563 42 89
533 42 89
196 42 89
948 42 87
154 42 86
469 43 85
218 43 82
243 43 81
725 43 80
118 43 80
31 43 79
945 43 79
266 43 79
459 43 79
360 43 79
556 43 78
363 43 78
855 44 77
313 44 76
24 44 76
696 44 76
234 44 75
699 44 75
634 44 74
504 44 72
559 44 72
912 44 70
937 44 70
271 44 69
189 44 69
831 44 68
129 44 68
201 44 67
680 44 67
155 44 65
949 44 64
989 45 63
676 45 62
462 45 62
33 45 61
997 45 61
725 45 61
667 45 61
817 45 60
625 45 59
317 45 59
984 45 59
529 45 58
51 45 58
75 45 58
42 45 57
521 45 56
413 46 54
188 46 54
419 46 54
709 46 54
606 46 53
9 46 53
190 46 53
439 46 51
212 46 50
661 46 50
387 46 50
697 46 50
148 46 47
97 46 44
366 47 44
475 47 41
53 47 41
86 47 41
498 47 40
981 47 40
82 47 39
247 47 39
483 47 38
266 47 37
134 47 37
880 47 36
153 47 36
265 47 34
537 47 34
198 47 34
592 47 33
248 47 33
721 47 32
133 47 29
613 48 29
576 48 28
68 48 28
104 48 28
315 48 28
496 48 27
97 48 27
504 48 26
866 48 26
750 48 26
487 48 24
180 48 23
161 48 23
169 48 22
797 48 20
442 49 20
107 49 20
836 49 20
393 49 20
55 49 19
765 49 18
151 49 18
724 49 18
281 49 17
87 49 15
792 49 15
346 49 14
934 49 14
985 49 13
426 49 13
119 49 12
232 49 12
909 50 12
135 50 11
653 50 11
383 50 7
122 50 7
135 50 7
115 50 6
691 50 4
449 50 4
885 50 4
687 50 3
485 50 2
592 50 1
