950 5 7
235 50 499
720 50 498
255 50 498
562 50 498
145 50 496
577 50 494
201 50 494
943 50 493
782 50 492
466 50 491
779 50 491
299 50 490
698 50 489
609 50 489
904 50 488
740 50 488
125 50 488
757 50 488
729 50 486
746 50 486
462 50 485
372 50 484
693 50 484
50 50 483
890 49 483
807 49 482
417 49 481
72 49 481
22 49 481
674 49 480
69 49 480
385 49 479
457 49 478
736 49 478
787 49 478
742 49 478
312 49 477
212 49 477
765 49 476
540 49 475
103 49 475
138 48 475
9 48 475
449 48 475
785 48 474
235 48 474
11 48 473
361 48 472
229 48 472
791 48 471
311 48 471
446 48 471
509 48 470
541 48 469
114 48 469
166 48 468
523 48 467
246 48 467
229 48 466
294 48 466
275 48 466
184 48 465
252 47 465
533 47 465
647 47 465
518 47 465
97 47 464
859 47 463
43 47 463
701 47 462
23 47 462
296 47 462
494 47 462
665 47 462
278 47 462
689 47 461
977 47 461
509 46 460
91 46 460
428 46 457
447 46 455
130 46 455
841 46 454
941 46 453
257 46 452
55 46 452
64 46 452
234 46 451
893 46 451
119 46 449
848 46 449
97 46 449
610 46 448
600 46 448
786 46 447
801 46 447
923 46 446
479 46 445
811 46 445
229 46 444
253 46 442
544 46 442
342 46 441
541 46 441
447 45 441
691 45 441
509 45 441
583 45 440
797 45 440
59 45 440
396 45 439
811 45 439
385 45 439
377 45 439
258 45 439
932 45 438
639 45 438
101 45 438
348 45 437
729 45 437
515 45 437
212 45 437
936 45 436
548 45 435
593 45 435
509 45 433
515 45 433
74 44 433
368 44 432
373 44 431
520 44 430
545 44 429
396 44 429
194 44 429
869 44 428
104 44 428
430 44 428
389 44 427
179 44 426
535 44 426
826 44 425
328 44 424
466 44 423
576 44 423
366 44 422
527 44 421
590 44 421
237 44 420
546 44 420
156 44 419
83 44 419
849 44 419
744 44 419
666 43 418
408 43 418
355 43 417
250 43 417
939 43 417
571 43 417
692 43 417
546 43 417
893 43 416
81 43 416
754 43 416
913 43 415
399 43 414
704 43 414
421 43 414
328 43 414
737 43 414
619 43 413
294 43 413
244 43 413
977 43 413
89 43 413
504 43 413
962 43 412
50 43 412
242 43 411
318 43 411
687 43 411
927 43 411
543 42 410
100 42 410
570 42 409
350 42 409
541 42 409
442 42 408
705 42 406
967 42 406
598 42 406
931 42 406
973 42 405
171 42 404
452 42 404
100 42 403
835 42 402
962 42 402
874 42 401
655 42 400
455 42 400
157 42 400
553 42 399
831 42 399
183 41 398
914 41 398
828 41 396
638 41 396
561 41 396
621 41 395
353 41 394
219 41 393
642 41 392
203 41 392
733 41 392
799 41 391
908 41 391
698 41 390
666 41 390
998 40 390
715 40 390
573 40 389
679 40 389
899 40 389
301 40 388
964 40 388
637 40 388
299 40 388
940 40 387
79 40 387
777 40 387
620 39 386
345 39 385
827 39 384
418 39 382
351 39 381
302 39 381
21 39 380
633 39 380
224 39 380
983 39 380
804 39 380
368 39 379
502 39 379
494 39 378
907 39 378
313 39 378
774 39 377
619 39 376
124 39 374
116 39 374
434 39 373
212 38 373
272 38 373
796 38 373
799 38 371
223 38 368
986 38 368
966 38 367
988 38 367
529 38 367
683 38 367
759 38 366
294 38 366
289 38 366
952 38 365
378 38 363
320 38 362
598 38 358
209 38 358
474 38 358
512 38 357
769 38 356
795 38 356
674 37 356
77 37 356
721 37 355
4 37 355
727 37 355
844 37 355
321 37 354
310 37 353
54 37 353
874 37 352
584 37 351
701 37 350
279 37 350
204 37 350
493 37 350
114 37 349
326 37 349
322 37 349
781 37 347
250 36 345
946 36 345
34 36 345
579 36 345
585 36 344
547 36 344
40 36 344
658 36 344
224 36 343
845 36 342
363 36 341
698 36 340
997 36 339
563 36 339
787 36 338
412 36 337
74 36 336
690 36 336
399 36 335
468 36 335
430 36 334
76 35 334
683 35 333
314 35 333
511 35 332
38 35 331
270 35 331
861 35 330
553 35 329
830 35 329
129 35 329
293 35 328
895 35 328
796 35 328
12 35 327
395 35 327
520 35 327
547 35 327
587 35 327
799 35 325
198 35 325
804 35 324
717 34 324
925 34 324
832 34 323
744 34 322
469 34 322
350 34 322
160 34 322
640 34 321
449 34 321
86 34 321
526 34 320
291 34 320
744 34 320
711 34 320
626 34 320
651 34 319
849 34 319
114 34 318
921 33 318
860 33 317
102 33 316
557 33 316
7 33 315
242 33 314
711 33 314
629 33 313
219 33 313
446 33 313
179 33 313
649 32 312
72 32 311
828 32 311
801 32 311
520 32 310
559 32 310
988 32 309
605 32 309
169 32 307
514 32 307
780 32 307
487 32 307
669 32 306
780 32 306
350 31 305
965 31 304
699 31 303
924 31 303
67 31 303
80 31 301
496 31 301
792 31 301
492 31 300
948 31 299
800 31 299
629 31 299
224 31 298
472 31 298
470 31 298
37 31 297
271 31 297
686 31 296
443 31 296
114 30 296
561 30 295
677 30 294
391 30 294
334 30 294
332 30 294
97 30 294
209 30 293
613 30 293
145 30 293
652 30 293
436 30 293
106 30 292
242 30 292
294 30 290
345 30 290
990 30 288
818 30 288
992 30 288
483 30 286
904 30 286
152 30 286
823 30 286
771 30 285
678 30 284
210 30 283
683 30 282
568 29 281
241 29 281
730 29 280
495 29 279
290 29 279
415 29 279
15 29 279
51 29 279
484 29 278
745 29 276
355 29 276
445 29 275
572 29 275
549 29 274
620 29 274
630 29 273
984 29 272
398 29 272
810 29 271
256 29 271
102 29 271
239 29 270
652 29 269
693 29 269
335 28 268
239 28 267
807 28 267
371 28 267
106 28 267
261 28 266
284 28 266
780 28 266
617 28 264
285 28 264
852 28 263
578 28 262
850 28 261
443 28 260
618 28 257
136 28 256
620 28 256
468 28 256
606 27 253
283 27 253
204 27 253
453 27 252
914 27 252
391 27 251
715 27 251
635 27 251
330 27 251
942 27 250
429 27 249
449 27 249
573 27 249
755 27 249
137 27 249
711 27 247
306 27 246
213 27 245
64 26 244
183 26 244
457 26 244
191 26 244
452 26 244
156 26 243
664 26 243
868 26 243
55 26 242
739 26 242
470 26 242
424 26 241
892 26 241
459 26 240
919 26 239
41 26 239
197 25 238
761 25 238
781 25 238
500 25 237
715 25 237
988 25 236
855 25 236
228 25 235
132 25 234
680 25 234
297 25 234
430 24 233
540 24 232
614 24 232
199 24 232
168 24 231
554 24 230
88 24 230
679 24 230
975 24 230
437 24 227
745 24 227
610 24 227
176 24 226
876 24 226
667 24 226
743 24 225
262 24 225
807 24 224
211 24 223
181 24 223
778 24 222
301 24 222
990 24 222
378 23 222
249 23 222
346 23 222
151 23 222
756 23 222
911 23 220
245 23 220
897 23 220
227 23 219
41 23 219
940 23 219
142 23 218
834 23 218
40 23 218
988 23 215
306 23 214
48 23 214
930 23 211
448 23 211
594 23 210
951 23 209
426 23 209
261 22 208
254 22 207
993 22 206
943 22 205
945 22 205
246 22 205
569 22 205
778 22 205
158 22 203
56 22 203
693 22 203
834 22 203
238 22 203
7 21 202
430 21 202
898 21 202
652 21 201
15 21 201
977 21 201
577 21 201
837 21 200
669 21 200
270 21 199
898 21 199
665 21 198
588 21 197
618 20 197
626 20 197
250 20 197
650 20 197
899 20 195
838 20 193
232 20 192
145 20 192
503 20 192
183 20 191
542 20 191
385 20 191
9 20 191
158 20 190
764 20 190
218 20 189
514 20 189
658 20 189
50 20 188
824 20 188
384 19 188
265 19 188
830 19 187
383 19 187
573 19 186
922 19 185
443 19 184
102 19 184
303 19 183
632 19 183
990 19 182
824 19 182
639 19 182
211 19 181
525 18 181
645 18 180
737 18 180
961 18 180
87 18 179
583 18 179
655 18 178
282 18 178
570 18 178
136 18 176
345 18 176
465 18 176
781 18 175
161 18 175
421 18 175
494 18 175
978 18 175
197 18 174
135 18 174
944 18 174
671 18 174
853 18 173
917 18 171
936 17 169
586 17 169
876 17 169
722 17 168
241 17 168
215 17 167
122 17 167
157 17 167
203 17 167
951 17 166
302 17 166
29 17 165
62 17 165
774 17 165
621 17 165
267 17 165
620 16 164
521 16 163
615 16 162
772 16 162
111 16 162
579 16 161
936 16 160
73 16 159
362 16 159
43 16 159
52 16 159
245 16 158
460 16 156
563 16 156
340 16 155
403 16 154
526 15 154
583 15 153
797 15 152
898 15 152
142 15 152
367 15 151
7 15 151
286 15 151
332 15 149
459 15 149
755 15 149
515 15 148
314 15 148
779 15 148
134 15 147
24 15 147
664 15 147
928 15 146
3 15 146
702 14 146
445 14 145
794 14 145
508 14 142
172 14 142
506 14 141
703 14 141
800 14 140
9 14 140
296 14 140
365 14 140
160 14 140
908 14 138
866 14 138
628 14 138
860 14 138
499 14 137
829 14 136
355 14 135
835 14 135
415 14 135
795 13 135
5 13 133
495 13 132
280 13 132
799 13 131
704 13 131
991 13 128
170 13 128
243 13 127
626 13 127
950 13 127
124 13 126
6 13 126
503 13 125
216 13 125
193 13 124
553 13 123
316 13 121
613 13 121
844 13 121
904 12 121
290 12 121
374 12 121
645 12 121
950 12 120
455 12 118
221 12 118
538 12 117
945 12 116
14 12 116
577 12 116
108 12 115
500 12 115
585 12 115
478 12 115
72 12 114
203 12 113
489 12 112
563 12 112
877 12 111
865 12 111
363 12 111
45 11 110
153 11 110
606 11 110
422 11 109
969 11 109
779 11 109
124 11 108
972 11 107
151 11 107
820 11 106
217 11 104
381 11 104
330 11 104
616 11 103
951 11 103
635 11 103
500 11 103
890 11 102
230 11 102
814 11 102
766 11 101
393 11 101
307 11 100
236 11 100
412 10 99
597 10 99
561 10 99
971 10 98
983 10 97
53 10 97
542 10 95
319 10 94
580 10 94
969 10 94
705 10 93
915 10 93
467 10 93
743 10 93
807 10 93
69 10 93
290 10 91
541 10 91
685 10 91
787 10 90
735 9 90
2 9 90
616 9 89
540 9 88
468 9 87
856 9 87
784 9 86
613 9 85
973 9 85
569 9 84
787 9 84
392 9 84
13 9 83
510 9 83
30 9 82
666 9 82
262 9 82
654 8 81
886 8 81
26 8 81
264 8 81
409 8 80
20 8 79
265 8 79
505 8 79
258 8 78
398 8 78
666 8 77
770 8 77
674 8 76
715 8 75
688 8 74
282 8 74
902 7 73
167 7 72
910 7 72
595 7 71
135 7 70
716 7 70
839 7 69
930 7 69
122 7 68
457 7 68
235 7 68
925 7 67
420 7 67
972 7 66
362 7 66
45 7 66
548 7 64
244 7 64
440 6 63
643 6 62
885 6 61
666 6 61
93 6 59
15 6 59
878 6 58
693 6 58
168 6 58
195 6 57
679 6 56
844 6 55
423 6 54
278 6 54
378 6 54
718 6 52
302 5 48
804 5 48
196 5 47
589 5 42
201 5 42
947 5 41
671 5 41
585 5 38
96 5 38
720 5 38
309 5 37
697 5 37
766 5 35
464 5 35
883 5 35
645 5 34
118 4 34
419 4 34
199 4 33
423 4 33
755 4 32
74 4 30
1000 4 30
415 4 29
553 4 29
489 4 28
177 4 27
158 4 26
813 4 25
648 4 25
481 4 24
778 4 23
30 4 23
147 4 23
58 4 22
423 4 22
223 3 21
609 3 21
435 3 21
287 3 21
35 3 21
858 3 20
909 3 20
345 3 19
75 3 19
202 3 18
542 2 17
709 2 17
782 2 17
170 2 17
214 2 17
111 2 16
238 2 16
646 2 16
148 2 16
882 2 16
635 2 15
168 2 15
387 2 15
147 2 15
438 2 15
291 2 12
230 2 12
102 1 12
996 1 11
44 1 10
117 1 10
87 1 10
781 1 9
195 1 9
756 1 8
623 1 8
1000 1 7
135 1 6
534 1 6
534 1 4
709 1 4
791 1 4
923 1 4
959 1 4
222 1 3
30 1 3
883 1 3
975 1 3
507 1 2
110 1 1
