900 10 7
399 9 333
475 16 420
563 1 199
807 6 164
69 46 33
574 32 322
30 25 255
453 14 170
828 34 152
187 16 198
50 50 457
129 40 288
428 4 107
869 19 75
245 17 76
741 45 424
240 5 253
354 32 36
732 14 70
962 8 419
912 16 450
959 41 213
396 29 200
435 36 336
4 40 43
921 46 434
590 35 362
846 26 301
517 40 121
269 22 242
477 10 24
62 34 55
753 43 451
415 31 106
181 42 148
173 28 423
978 29 180
312 5 430
59 41 149
39 38 385
877 47 104
425 12 444
404 24 364
873 48 177
131 22 147
389 8 143
580 9 478
584 22 13
461 11 45
483 22 115
197 20 34
534 29 75
641 11 401
386 47 15
808 46 297
567 6 175
875 10 354
181 15 88
108 36 339
881 23 310
498 20 83
686 25 81
121 7 417
825 38 393
473 47 95
864 27 25
986 32 306
354 8 28
158 41 206
197 41 445
76 5 143
968 23 211
3 43 39
271 41 44
662 31 131
267 40 188
519 17 279
34 28 144
878 35 215
910 17 340
151 22 53
207 27 37
532 16 387
31 35 404
591 23 113
164 36 450
839 23 246
616 47 244
823 15 340
176 50 209
545 47 482
972 38 437
795 14 437
219 22 373
896 15 21
413 29 188
100 44 215
874 18 138
603 36 138
458 5 43
549 34 50
176 5 99
727 32 163
45 21 461
195 15 412
345 42 208
964 43 480
738 7 187
116 47 169
721 42 129
760 15 154
124 34 297
466 8 155
802 20 380
423 50 370
232 44 456
692 14 1
555 9 419
860 21 325
764 46 73
306 22 474
700 12 108
928 19 24
610 45 12
419 33 379
367 18 29
125 44 205
767 10 155
389 25 301
440 37 297
174 21 139
560 37 184
49 30 12
286 22 173
438 10 319
411 29 358
976 14 138
514 23 306
939 24 63
658 26 243
590 38 25
549 18 456
158 2 71
292 24 393
481 18 5
999 15 43
433 36 443
406 50 452
494 8 261
226 33 161
948 29 341
646 34 48
529 22 208
294 28 471
269 22 436
768 40 53
63 45 483
558 20 266
411 40 414
169 22 294
762 49 34
871 12 338
999 33 475
968 17 151
999 47 1
665 30 87
278 19 262
300 6 466
568 4 211
528 33 405
502 18 278
904 30 500
633 44 242
10 31 349
764 5 26
355 13 51
761 18 357
115 12 138
863 13 369
676 5 44
552 1 1
541 13 485
228 40 358
514 19 464
536 38 422
689 16 200
253 42 300
921 44 228
873 49 399
388 12 299
792 15 127
216 28 97
844 29 351
692 11 114
200 40 91
655 50 247
916 11 149
343 14 60
108 42 185
270 50 285
164 38 113
125 24 252
274 11 203
432 31 138
770 37 500
388 16 329
486 22 191
222 35 131
718 25 105
210 6 200
412 22 138
647 9 476
462 15 407
985 1 78
246 35 285
596 22 326
274 45 388
83 20 329
275 30 153
418 17 279
415 41 95
141 25 401
390 13 136
649 15 213
234 32 330
72 17 251
752 37 322
201 20 189
603 8 122
628 34 73
298 44 450
3 2 432
35 48 305
62 4 169
138 9 287
141 36 128
772 24 432
952 49 331
199 43 83
703 47 477
147 27 414
808 43 199
404 22 259
754 9 500
61 48 276
929 13 393
951 39 112
256 16 73
212 42 77
910 32 333
604 45 3
38 19 120
156 11 26
374 16 43
290 9 277
758 27 113
830 37 136
562 44 446
104 11 17
625 40 165
800 28 31
82 39 61
693 19 42
121 6 134
495 13 7
486 25 135
898 45 281
868 27 112
2 39 425
169 3 412
285 23 76
411 38 166
837 41 276
704 33 182
428 17 423
338 7 335
783 26 394
553 9 410
107 20 96
874 36 65
273 36 467
559 20 28
947 36 281
194 32 268
139 1 28
890 19 177
672 35 238
12 33 329
557 19 149
988 10 20
70 20 172
252 30 63
391 21 57
815 24 449
433 7 318
866 9 107
645 37 460
875 5 269
303 23 478
440 31 420
18 35 55
940 3 84
91 24 256
887 12 485
72 11 35
224 18 369
943 25 228
91 40 314
194 15 420
630 6 176
550 9 442
822 31 330
566 36 389
770 9 446
549 27 148
154 28 183
187 34 334
430 15 293
292 29 359
720 44 322
362 15 481
900 36 431
478 48 70
517 7 322
796 31 190
774 29 28
426 3 461
500 11 156
40 13 74
503 31 121
644 44 105
270 31 276
856 30 63
571 50 474
660 48 62
813 35 338
727 46 163
730 1 292
474 39 238
1000 45 85
617 49 111
810 12 467
884 34 109
881 29 217
487 5 286
787 3 402
469 36 487
185 9 81
277 6 495
581 31 121
98 20 473
852 37 287
730 20 184
236 44 189
259 38 328
233 18 195
387 20 385
692 18 267
979 46 447
330 48 448
366 38 117
999 26 438
134 49 320
473 13 34
406 5 85
996 38 434
630 22 346
707 34 250
151 48 443
67 26 175
600 18 267
653 25 351
584 1 6
724 3 392
128 39 237
197 13 477
967 8 203
733 8 102
967 45 327
555 19 73
54 8 136
979 4 233
430 31 214
446 37 40
641 1 417
1000 14 328
665 35 110
75 28 18
569 12 119
459 23 465
378 40 360
927 41 163
856 23 179
559 6 212
264 26 5
414 10 492
649 12 355
322 6 382
667 25 469
619 31 403
636 29 297
422 13 138
885 34 305
575 33 454
147 13 409
573 44 299
640 43 342
351 2 142
748 40 197
445 15 433
312 11 268
749 45 185
331 43 20
268 18 254
300 30 340
977 26 25
42 44 30
590 3 230
733 49 283
656 33 115
697 2 339
153 34 303
674 29 216
801 14 373
261 47 331
466 35 299
774 4 112
720 37 311
214 29 356
921 11 43
912 35 97
739 14 247
785 10 328
9 3 33
662 21 356
810 33 408
894 46 373
194 38 127
391 46 17
75 29 277
87 45 366
879 14 223
227 17 333
595 49 379
598 31 243
52 12 31
719 25 422
664 35 475
658 24 5
584 37 5
354 7 156
579 8 46
958 20 490
714 33 457
182 11 343
899 22 443
551 49 16
222 47 403
773 22 479
540 18 395
144 33 369
558 7 479
905 42 12
766 49 466
67 24 159
870 6 324
807 20 66
409 36 434
885 32 381
968 2 381
632 29 328
781 47 336
911 42 255
735 30 24
340 28 480
664 13 315
245 23 446
552 11 93
645 36 28
937 11 25
69 7 288
955 32 279
60 4 5
729 13 42
94 13 175
48 24 386
860 11 270
752 21 252
635 36 268
397 24 488
648 46 68
453 49 220
995 20 4
996 33 102
274 33 92
295 27 162
205 42 235
266 1 7
442 24 189
352 30 316
701 4 242
299 11 432
104 49 93
338 24 442
334 21 484
137 33 244
808 27 230
881 41 323
779 36 128
307 29 472
136 38 247
582 47 131
479 22 249
867 1 131
304 32 217
541 32 436
669 26 230
145 21 282
478 38 408
86 42 144
652 13 481
436 5 426
948 44 431
88 14 245
139 23 461
871 49 299
911 37 479
52 2 433
109 11 169
905 48 278
325 33 213
77 13 25
241 40 11
725 29 389
980 4 15
60 7 108
625 46 249
880 21 287
882 14 358
697 1 209
52 38 117
586 33 87
206 34 137
117 10 258
587 17 257
4 24 488
210 47 249
212 25 184
293 11 156
424 30 430
49 4 209
728 36 15
383 25 1
71 21 497
940 13 117
632 25 308
100 44 314
300 8 23
204 38 156
1000 17 334
156 39 143
438 3 334
932 36 472
785 8 495
157 15 293
420 22 55
702 38 50
488 29 60
547 44 441
961 32 173
711 21 154
772 38 66
901 37 122
839 44 18
865 26 28
433 25 457
373 33 220
249 45 480
468 28 177
778 22 418
51 27 68
633 19 78
809 17 209
210 33 402
888 39 262
513 34 33
140 20 386
50 31 243
338 43 197
142 7 389
164 48 263
358 19 238
449 28 274
934 40 233
874 28 160
722 28 448
813 24 219
19 29 159
971 41 118
955 41 72
545 39 306
152 32 238
546 3 487
688 40 378
672 47 323
808 4 134
934 22 147
254 42 312
579 11 342
23 23 438
356 24 376
594 10 206
764 25 399
985 8 389
210 7 136
264 48 468
906 14 393
488 47 266
985 43 22
10 32 363
178 30 106
537 11 74
445 4 277
924 15 492
470 43 26
262 27 172
835 41 33
172 39 121
397 23 397
22 37 208
863 6 23
655 38 363
551 11 195
153 12 186
608 38 356
454 33 325
635 48 87
377 2 87
457 23 190
391 44 387
279 30 355
730 6 305
542 29 243
928 29 487
971 19 284
243 39 183
896 3 482
358 14 401
490 35 134
630 27 468
950 28 248
291 20 439
423 48 288
929 37 221
770 32 416
757 3 412
176 1 119
207 5 431
724 9 180
770 8 413
617 22 392
642 7 79
798 10 237
977 50 358
632 25 267
199 29 461
172 14 382
245 17 278
273 49 186
780 41 352
694 43 317
346 44 279
677 11 239
622 30 107
365 10 133
65 47 106
532 41 439
347 43 17
615 2 64
776 30 42
692 21 65
671 19 407
280 38 149
665 37 449
524 31 167
587 45 427
846 12 182
581 18 282
330 41 309
864 25 343
752 45 97
249 41 206
622 9 23
217 50 119
939 43 61
798 32 15
673 26 108
304 15 156
666 15 385
142 34 255
886 37 100
511 11 61
497 36 308
354 3 227
347 47 310
311 37 411
261 10 160
705 14 391
467 35 373
342 32 163
651 4 248
682 29 438
243 46 282
49 1 372
810 20 45
369 42 379
87 10 144
258 32 344
286 31 154
848 36 131
81 29 455
580 3 322
620 12 64
437 44 366
671 42 106
26 20 337
500 43 146
400 24 17
190 35 356
246 50 73
527 34 100
1000 37 298
358 12 434
981 45 472
374 40 127
243 38 35
459 33 460
752 40 465
11 43 241
579 24 105
60 37 290
431 6 500
895 11 136
600 25 21
644 41 105
646 27 473
48 23 111
231 49 94
812 17 282
858 44 83
823 29 328
993 35 422
617 4 111
46 49 309
387 48 212
97 32 34
31 25 198
654 26 421
772 6 432
589 48 408
826 45 424
85 24 161
582 9 248
853 28 340
229 29 400
770 32 150
584 3 499
569 29 144
633 36 228
526 35 309
426 33 331
883 10 470
36 39 124
746 12 89
681 4 499
598 25 452
371 8 269
556 3 279
295 27 160
390 34 149
645 6 78
296 36 148
771 28 328
638 45 319
526 28 487
843 41 293
153 42 430
913 13 226
684 40 131
827 45 26
118 37 23
480 42 221
986 39 376
243 21 24
28 20 181
73 42 360
655 11 377
339 15 430
333 27 3
432 31 360
242 29 288
645 14 171
399 27 112
295 20 496
869 45 89
243 45 485
715 6 117
760 43 213
955 11 60
325 4 206
427 24 367
139 3 390
208 7 411
550 9 240
143 22 318
810 28 106
643 44 113
767 25 240
259 5 497
426 17 177
730 24 275
500 35 136
584 29 47
500 16 35
202 8 132
338 12 399
284 15 270
561 30 156
953 36 189
83 4 133
880 18 14
996 39 245
586 15 126
545 50 7
373 10 61
376 34 76
117 46 217
607 35 237
779 33 79
954 15 302
1 27 424
685 18 147
774 1 309
945 32 31
535 23 282
314 29 459
951 27 275
465 47 108
621 8 255
373 34 300
460 43 111
407 8 305
67 48 321
885 1 268
868 36 420
55 45 386
525 31 208
655 41 484
610 45 340
617 11 386
918 31 197
446 13 330
748 16 334
857 50 155
621 17 35
13 45 136
952 42 406
756 4 110
415 9 339
336 13 384
707 5 235
184 15 315
849 40 419
250 41 468
150 49 390
541 18 265
984 36 61
296 33 84
567 3 105
791 34 132
319 33 330
547 4 463
624 38 362
133 16 404
836 50 34
915 16 338
623 16 3
691 3 494
472 7 204
366 39 480
731 23 487
260 9 287
730 34 12
617 11 135
262 15 195
467 29 492
390 6 76
7 13 396
525 8 2
455 14 477
