500 1 10
55 50 1
985 50 2
222 50 4
915 50 5
602 50 8
35 50 13
356 50 15
730 50 16
837 50 17
584 49 17
896 49 18
290 49 18
289 49 22
102 49 24
269 49 24
88 49 24
565 49 27
345 49 28
583 48 29
453 48 30
77 48 31
8 48 32
515 48 33
241 48 33
996 48 34
987 47 36
318 47 36
625 47 37
190 47 40
512 47 40
521 47 40
585 47 41
255 47 41
421 47 43
982 46 43
908 46 44
730 46 45
720 46 46
393 46 46
264 46 47
487 46 48
187 46 48
694 46 51
871 46 51
981 45 52
971 45 53
307 45 54
15 45 57
71 45 57
983 45 57
345 45 58
547 45 59
797 45 59
141 45 61
205 45 63
19 45 63
458 45 64
584 45 65
181 44 65
999 44 66
598 44 67
238 44 70
193 44 70
241 44 71
167 44 71
302 44 72
408 44 75
383 43 75
377 43 75
422 43 76
460 43 77
360 43 77
199 43 78
819 43 80
739 43 81
942 43 82
60 43 82
890 42 83
915 42 84
97 42 85
467 42 85
59 42 86
144 42 87
261 42 88
983 42 91
565 42 92
381 42 93
690 42 93
592 42 95
932 42 96
342 42 98
505 42 101
587 41 101
991 41 102
877 41 104
446 41 105
892 41 106
222 40 107
593 40 107
856 40 107
170 40 109
49 40 111
479 40 111
806 40 112
664 39 112
852 39 113
452 39 113
92 39 113
844 39 114
239 39 115
760 39 115
754 39 116
653 38 116
217 38 116
920 38 118
830 38 122
270 38 122
532 38 123
377 38 124
352 38 125
609 38 126
739 37 127
692 37 128
555 37 128
498 37 129
680 37 130
730 37 130
868 37 130
129 37 131
139 36 132
341 36 135
18 36 138
859 36 141
589 36 141
608 36 141
22 36 141
102 36 143
715 35 144
684 35 144
252 35 145
63 35 146
661 35 147
817 35 148
527 35 149
770 35 151
934 35 152
861 35 152
450 35 152
21 35 152
6 34 153
828 34 154
963 34 155
794 34 156
618 34 156
828 34 158
970 34 159
471 34 159
493 34 160
979 34 160
263 34 161
995 33 162
1000 33 162
303 33 162
714 33 164
239 33 164
638 33 165
442 33 165
700 33 166
686 33 167
675 33 167
96 32 168
475 32 169
434 32 170
810 32 170
999 32 171
506 32 172
373 32 173
788 32 173
962 32 173
510 32 178
562 32 180
966 32 185
402 32 186
909 31 187
54 31 187
68 31 188
793 31 189
138 31 190
957 31 190
90 31 192
68 31 192
267 31 192
781 31 193
834 31 193
724 30 193
348 30 193
913 30 194
47 30 195
233 30 197
772 30 201
75 30 201
128 30 202
308 29 203
412 29 204
858 29 204
88 29 204
631 29 206
128 28 207
59 28 208
234 28 208
700 28 209
558 28 214
911 28 214
633 28 218
967 28 219
828 28 219
73 28 220
174 27 224
736 27 225
30 27 225
186 27 226
115 27 226
889 27 227
716 27 227
667 27 229
820 27 229
376 27 231
234 27 231
102 27 232
885 26 234
769 26 236
826 26 236
2 26 236
918 26 237
524 26 238
436 26 238
665 26 238
740 26 238
374 26 239
53 26 245
247 26 246
905 26 247
455 26 250
621 26 253
425 26 254
435 26 254
39 26 255
426 25 256
960 25 256
410 25 256
837 25 257
475 25 258
233 25 258
555 25 260
334 24 260
951 24 261
26 24 261
706 24 262
510 23 262
683 23 264
578 23 265
108 23 265
431 22 265
554 22 268
726 22 270
866 22 272
803 22 273
54 22 273
908 22 275
49 22 275
791 21 277
125 21 278
229 21 281
767 21 282
214 21 283
320 21 285
588 21 285
600 21 286
150 21 286
309 21 289
382 21 289
406 20 294
796 20 294
524 20 295
157 20 296
591 20 297
991 20 299
702 20 300
437 20 300
560 20 301
835 19 303
369 19 303
649 19 304
528 19 305
741 19 305
296 19 306
315 19 309
143 19 309
454 18 311
615 18 316
807 18 317
717 18 319
214 18 320
165 18 320
730 18 320
519 17 320
622 17 321
146 17 321
892 17 322
27 17 324
201 17 324
752 17 325
439 17 327
517 17 327
1000 17 328
189 17 331
339 17 332
179 16 334
681 16 335
966 16 337
776 16 338
571 16 339
619 16 339
88 16 339
679 16 340
508 16 343
857 16 343
616 16 346
206 16 347
689 15 347
552 15 349
603 15 349
14 15 351
978 15 352
599 15 352
263 15 353
322 15 353
597 15 354
898 14 355
312 14 355
93 14 358
194 14 358
27 14 359
182 14 360
432 14 360
116 14 361
958 14 362
276 14 363
64 14 364
715 14 365
206 14 365
108 13 366
184 13 366
830 13 367
817 13 368
101 13 368
136 13 371
421 13 372
253 13 373
326 13 374
754 13 375
533 13 375
454 13 376
925 13 376
612 13 377
621 12 378
142 12 378
208 12 378
407 12 380
845 12 380
567 12 381
933 12 381
683 12 382
503 12 382
712 12 382
557 12 383
125 12 384
525 12 384
241 12 384
818 11 385
990 11 386
954 11 386
356 11 387
946 11 388
49 11 389
813 11 390
218 11 393
612 11 393
400 11 393
295 11 394
535 10 395
895 10 398
899 10 399
150 10 399
380 10 399
553 10 400
119 10 400
746 10 402
775 10 404
285 10 405
303 10 406
20 10 406
705 10 406
318 9 407
202 9 408
983 9 409
764 9 409
792 9 413
145 8 415
430 8 416
806 8 416
30 8 417
594 8 417
549 8 418
286 8 420
21 8 422
461 8 422
844 8 422
778 8 423
80 8 424
283 8 426
942 8 426
963 7 428
189 7 429
118 7 429
24 7 429
878 7 430
340 7 432
458 7 434
700 7 434
719 7 436
328 6 437
942 6 438
261 6 439
828 6 439
54 6 439
414 6 440
709 6 440
331 6 440
499 6 441
880 6 441
283 6 442
177 6 443
146 5 444
200 5 445
136 5 447
872 5 447
658 5 448
267 5 448
368 5 448
508 5 448
781 5 448
365 4 449
798 4 449
931 4 450
13 4 450
655 4 450
711 4 450
119 4 452
242 4 456
624 4 457
481 4 460
377 4 462
271 4 463
783 4 463
157 3 467
875 3 467
146 3 467
970 3 468
223 3 468
929 3 471
17 3 471
454 3 471
886 3 473
597 3 474
130 3 475
740 2 475
615 2 475
23 2 479
387 2 480
244 2 481
980 2 482
965 2 482
976 2 482
41 2 483
594 2 484
580 2 484
795 1 486
577 1 487
992 1 487
187 1 492
774 1 493
583 1 493
715 1 494
880 1 495
236 1 497
478 1 497
830 1 500
722 1 500
837 1 500
