200 3 3
279 1 1
589 1 2
488 1 3
954 1 8
487 2 9
699 3 13
960 3 17
108 3 17
45 3 20
657 3 22
90 3 27
963 4 28
623 4 32
742 4 36
833 5 40
960 5 44
160 5 48
616 5 49
180 6 50
396 6 51
60 6 54
493 6 58
114 6 62
792 6 63
212 7 63
851 7 67
236 7 67
116 8 71
206 8 72
299 8 74
127 8 74
844 9 75
764 9 78
783 10 79
708 10 86
265 10 87
783 10 90
237 11 92
294 11 102
795 11 103
15 11 104
635 12 108
904 12 109
884 12 111
450 13 124
234 13 128
928 13 128
264 13 135
272 13 141
768 14 144
604 14 145
817 14 146
678 14 150
621 14 151
583 14 153
678 14 158
95 15 159
7 15 160
512 15 160
19 15 162
235 16 163
113 16 167
256 16 169
20 16 176
122 16 176
598 17 181
934 17 182
180 17 186
826 18 188
771 18 193
384 18 197
434 18 198
1 18 199
491 19 203
480 19 204
402 19 205
887 19 206
116 19 210
409 19 213
570 20 215
722 20 215
350 20 223
908 21 224
251 21 226
384 21 227
396 21 237
123 21 238
719 22 238
707 22 242
75 23 244
409 23 245
514 23 246
516 24 248
495 24 253
613 25 254
496 25 258
55 25 258
677 25 259
9 26 262
166 26 266
614 26 269
139 26 275
283 26 278
29 27 279
828 27 280
724 27 280
599 27 282
929 27 282
833 27 285
760 27 289
391 28 294
201 28 295
773 29 296
919 29 300
240 29 310
350 29 312
987 30 312
862 30 313
418 30 316
766 30 318
235 30 328
618 30 329
843 30 329
738 30 330
412 31 331
642 32 332
953 32 337
835 32 339
340 32 339
449 32 341
11 32 343
940 32 343
541 32 343
456 32 345
586 33 350
977 33 350
263 34 355
43 35 355
409 35 357
693 35 357
532 35 368
674 35 368
438 36 369
345 36 372
435 37 373
935 37 376
836 37 378
168 37 379
572 38 383
199 38 385
750 38 386
295 39 387
197 39 389
305 39 389
730 39 389
874 40 390
735 40 390
548 40 395
480 40 395
970 40 407
208 40 411
126 41 411
198 41 416
938 41 417
109 41 422
326 41 422
330 41 428
473 42 429
228 42 437
43 42 443
242 43 446
226 43 447
964 43 450
445 43 450
443 43 450
686 43 454
889 43 455
129 43 457
556 43 458
988 44 458
104 44 460
291 44 463
350 45 469
838 45 469
819 45 471
804 45 473
250 46 483
845 46 484
561 46 484
442 46 485
407 48 486
639 48 487
93 48 488
671 49 491
695 49 492
684 49 493
881 49 494
393 50 497
541 50 499
313 50 499
