550 2 4
200 50 500
815 50 500
194 50 500
185 50 500
650 50 497
365 50 497
287 50 495
344 50 495
786 50 494
68 50 493
625 49 493
318 49 491
523 49 491
780 49 490
686 49 490
736 49 489
791 49 489
279 49 489
405 49 489
913 48 487
591 48 485
261 48 484
860 48 483
940 48 482
415 48 481
187 48 480
968 48 480
952 48 478
89 47 478
223 47 476
401 47 475
345 47 474
28 47 473
727 47 473
169 47 471
955 47 471
73 47 470
487 47 470
834 47 467
450 47 467
601 47 467
16 46 466
225 46 463
821 46 462
966 46 461
270 46 459
371 46 459
497 46 458
893 46 455
770 46 455
202 46 454
41 46 453
853 46 453
726 46 453
803 45 452
954 45 452
247 45 452
216 45 451
712 45 451
293 45 450
697 45 450
405 45 449
573 45 447
646 45 447
385 45 446
367 45 446
433 45 445
386 44 444
682 44 444
497 44 444
707 44 444
437 44 442
294 44 441
759 44 441
326 44 441
993 44 439
537 43 437
138 43 436
627 43 435
42 43 434
645 43 434
713 43 433
234 43 433
775 43 433
159 43 433
875 42 432
468 42 432
707 42 431
766 42 431
737 42 431
279 42 429
89 41 428
99 41 428
217 41 428
167 41 425
854 41 424
241 41 424
93 41 423
462 41 423
496 41 422
490 41 419
889 41 419
888 41 417
829 41 417
748 41 416
651 40 415
85 40 415
22 40 414
7 40 414
478 40 414
987 40 412
322 40 412
539 40 412
366 40 412
776 40 412
967 40 411
538 40 410
32 39 409
121 39 408
419 39 407
55 39 403
242 39 401
578 39 401
793 39 400
90 39 399
365 39 398
739 39 397
334 39 396
378 39 395
731 39 395
802 38 394
635 38 393
829 38 393
339 38 393
363 38 389
942 38 389
63 38 387
866 38 387
489 38 386
449 38 385
260 38 385
715 38 385
207 38 383
428 38 383
492 38 382
95 37 381
424 37 381
965 37 380
82 37 379
488 37 378
23 37 377
350 37 376
304 37 376
767 36 375
756 36 374
775 36 372
19 36 372
965 36 371
84 36 369
306 36 368
415 36 368
935 36 368
140 36 367
70 35 367
175 35 366
714 35 366
785 35 365
379 35 365
299 35 364
310 35 363
526 35 362
237 35 362
390 35 362
680 34 360
243 34 358
411 34 358
458 34 357
391 34 357
695 33 356
150 33 356
795 33 355
703 33 355
690 33 355
727 33 354
117 33 352
812 33 351
898 33 350
241 33 349
666 33 349
590 33 348
96 32 347
694 32 345
108 32 345
515 32 345
413 32 344
446 32 343
411 32 341
91 32 340
902 32 340
369 32 339
396 31 337
933 31 336
817 31 333
406 31 333
455 31 332
550 31 332
619 31 332
492 31 330
283 31 330
625 31 328
888 31 324
5 30 324
888 30 323
890 30 323
758 30 323
3 30 323
504 29 322
77 29 321
39 29 318
90 29 316
794 29 315
156 29 314
161 29 313
518 29 312
789 29 311
125 29 310
947 29 309
645 29 307
806 29 306
137 29 305
742 29 303
932 28 302
54 28 301
177 28 301
350 28 301
808 28 299
235 28 299
268 28 298
83 27 297
163 27 296
122 27 296
59 27 295
648 27 295
103 27 294
789 27 293
653 27 292
951 27 290
446 27 290
750 26 290
558 26 289
327 26 288
895 26 287
624 26 284
138 26 284
876 26 284
909 26 284
886 26 283
48 26 282
650 26 280
929 26 279
132 26 274
41 26 274
333 26 273
56 26 273
678 26 272
120 25 271
215 25 270
1000 25 267
520 25 267
827 25 265
119 25 265
148 25 264
578 25 264
632 24 261
306 24 259
86 24 256
768 24 255
123 24 253
129 24 253
4 24 252
548 24 251
659 24 251
79 24 250
587 24 249
104 24 248
109 23 248
117 23 248
24 23 247
884 23 246
447 23 244
36 23 243
646 23 243
736 23 242
383 23 242
303 23 241
113 23 241
95 23 240
996 22 239
746 22 237
553 22 235
48 22 235
106 22 235
746 22 231
258 22 230
178 22 229
715 22 229
755 22 227
160 21 227
323 21 227
745 21 226
832 21 224
616 21 221
989 21 221
56 21 219
683 20 218
850 20 217
381 20 217
64 20 216
665 20 216
451 20 216
898 20 215
488 20 215
88 20 214
934 20 214
703 20 214
270 20 213
831 19 213
114 19 213
116 19 210
171 19 210
467 19 209
983 19 208
919 19 207
907 19 207
10 19 207
106 19 207
435 18 205
706 18 204
214 18 203
576 18 201
618 18 200
258 18 198
920 18 194
391 18 193
493 18 193
521 18 193
229 17 192
336 17 192
964 17 191
719 17 191
538 17 190
881 17 190
268 17 189
630 17 188
111 17 188
471 16 188
428 16 188
290 16 186
723 16 186
968 16 185
395 16 183
87 16 183
93 16 182
951 16 182
363 16 181
962 16 178
329 16 178
360 16 177
970 16 177
1000 15 175
231 15 174
739 15 173
611 15 173
682 15 173
708 15 172
581 15 172
296 15 170
866 15 168
995 15 166
714 14 166
265 14 166
8 14 165
532 14 165
448 14 164
542 14 164
373 14 164
791 14 163
612 14 161
988 13 160
672 13 157
942 13 156
871 13 154
472 13 153
422 13 152
532 13 152
835 13 151
278 13 150
508 13 150
725 13 150
448 13 149
36 13 149
681 13 149
355 12 148
84 12 147
696 12 147
95 12 147
74 12 146
662 12 146
450 12 146
944 12 145
409 12 145
355 12 144
407 12 143
372 12 141
173 12 141
322 12 139
588 12 138
472 11 136
4 11 136
410 11 135
51 11 135
91 11 134
155 11 133
755 11 133
949 11 131
867 11 130
692 11 129
177 11 129
828 11 128
389 11 128
608 10 125
677 10 125
156 10 125
648 10 124
725 10 124
503 10 124
165 10 124
866 10 123
292 10 121
382 9 120
863 9 119
485 9 119
626 9 118
615 9 115
11 9 114
378 9 114
216 9 110
332 9 109
450 9 107
493 9 103
705 9 103
491 9 103
749 9 102
784 9 100
799 9 99
112 8 98
679 8 98
298 8 95
699 8 92
845 8 92
459 8 89
752 8 88
743 8 87
581 7 86
701 7 86
235 7 83
298 7 82
728 7 80
832 7 80
178 7 79
31 7 79
504 7 77
796 7 76
646 6 75
722 6 75
179 6 74
777 6 71
115 6 71
513 6 71
729 6 69
516 6 68
351 5 67
346 5 65
165 5 64
389 5 63
99 5 60
502 5 60
985 5 59
259 5 59
446 5 59
802 5 58
825 5 56
677 5 55
737 5 55
478 5 53
490 5 53
878 5 53
781 5 52
917 4 49
556 4 49
699 4 49
161 4 48
359 4 47
409 4 46
508 4 45
263 4 45
494 4 44
754 4 43
452 4 41
870 3 39
427 3 38
383 3 38
7 3 35
266 3 35
12 3 33
867 3 33
720 3 33
39 3 33
269 3 32
283 3 31
756 3 30
845 3 30
759 3 29
635 2 28
190 2 27
869 2 26
849 2 25
929 2 25
344 2 25
290 2 24
258 2 24
789 2 23
266 2 23
907 2 22
329 2 21
261 2 21
66 2 19
997 2 19
745 2 17
648 1 16
65 1 16
45 1 11
668 1 11
824 1 10
198 1 9
282 1 8
322 1 5
706 1 5
553 1 2
249 1 1
