500 4 10
241 28 16
201 28 208
81 2 275
281 11 63
201 2 177
281 46 139
121 26 463
81 31 219
121 4 391
121 29 336
361 50 256
201 33 251
41 25 409
161 24 323
361 37 32
201 40 341
81 46 262
281 2 462
121 39 148
281 30 356
81 39 83
161 17 364
281 35 389
81 30 40
321 11 483
361 13 244
361 23 257
81 31 454
81 37 314
201 30 229
321 35 373
241 45 196
281 18 494
241 1 485
361 20 177
161 41 248
321 32 390
281 14 394
161 6 22
201 2 257
121 50 365
241 44 88
81 31 196
161 47 228
281 33 87
361 11 432
201 44 427
361 34 457
41 12 267
81 7 202
161 20 167
121 25 26
201 41 240
281 25 267
81 38 140
161 9 279
161 39 418
161 50 494
241 22 336
281 8 382
241 32 369
281 40 261
41 26 373
161 30 196
361 12 445
121 18 31
161 4 464
201 4 452
281 29 34
281 15 366
161 1 200
361 39 186
361 1 144
81 38 239
201 36 136
81 36 413
361 45 423
121 35 66
81 48 387
201 30 267
281 32 203
321 8 301
281 38 421
241 44 287
161 18 478
81 50 79
281 31 448
281 20 198
281 15 412
81 41 486
281 21 194
121 19 254
281 45 285
201 40 259
361 23 305
281 5 480
201 9 298
201 21 98
241 49 261
81 7 40
81 28 137
201 45 63
361 38 141
321 41 43
281 22 91
81 43 223
241 28 53
361 23 332
121 30 165
241 27 355
41 34 305
321 2 300
121 3 292
281 37 63
161 37 63
81 16 298
201 16 45
161 19 159
41 12 112
241 34 147
41 30 352
41 40 49
241 25 225
321 23 348
361 11 480
121 47 262
241 9 389
41 27 273
81 39 197
41 9 290
161 50 459
81 50 312
321 33 280
201 12 488
321 33 196
241 40 63
361 15 35
41 9 115
321 17 54
321 48 303
41 37 313
41 12 128
281 22 321
41 11 164
161 19 376
41 11 228
81 40 352
281 29 22
321 29 498
361 18 353
281 31 221
321 39 430
81 28 466
161 6 81
361 24 399
361 45 6
241 4 400
41 45 304
201 8 100
41 37 82
361 43 45
41 30 188
121 39 210
361 27 124
161 44 397
201 48 66
161 20 170
81 39 83
201 38 139
281 31 439
361 7 304
281 42 16
161 19 487
201 20 65
201 36 311
241 12 386
161 11 191
121 3 253
361 14 105
281 48 405
281 1 375
121 8 14
41 19 488
201 32 86
281 38 111
41 9 296
241 25 395
41 48 317
201 40 295
321 26 414
201 12 435
361 31 287
241 34 71
41 4 474
281 15 274
81 45 440
321 7 253
241 42 265
121 10 95
321 36 2
321 32 52
41 21 203
321 36 393
161 25 256
281 21 199
241 44 81
281 38 238
81 31 478
121 2 278
201 22 440
361 5 328
161 26 381
241 34 389
81 5 409
41 50 422
281 45 419
161 41 331
361 29 409
121 23 225
241 9 189
161 21 95
241 37 135
281 44 422
241 38 445
161 24 286
321 42 414
201 47 476
121 39 403
161 7 269
201 38 452
281 35 399
81 5 364
361 29 113
281 32 271
321 18 375
41 24 415
81 50 185
41 39 41
241 27 344
81 43 157
41 21 468
161 29 287
121 8 219
321 16 71
161 17 357
201 15 380
121 28 90
241 43 450
241 14 453
161 41 179
41 27 306
41 21 74
81 2 122
281 43 141
81 36 333
161 38 432
281 34 298
121 32 367
361 26 295
41 46 399
241 42 311
241 13 156
201 7 293
121 44 22
361 21 339
281 49 432
41 19 445
41 32 229
281 13 233
41 13 476
361 33 359
121 24 414
161 1 222
361 31 121
241 34 345
281 15 215
201 9 29
281 24 24
361 39 366
281 44 354
41 9 14
321 50 53
361 46 64
241 49 56
201 43 458
321 6 153
361 12 199
41 40 450
201 1 224
201 28 485
41 13 491
161 44 203
121 34 197
361 8 240
241 20 183
201 40 451
321 6 282
161 20 189
81 24 48
281 18 2
81 4 183
121 32 207
241 4 376
361 47 137
161 14 263
201 30 306
81 16 99
241 24 233
361 42 319
41 34 448
281 33 52
321 6 179
41 27 125
41 12 144
41 35 410
121 4 31
201 40 129
361 8 18
201 48 438
121 48 474
121 17 304
361 4 24
201 27 13
201 42 346
201 48 301
161 49 6
321 26 383
41 17 208
201 4 441
241 39 397
321 4 111
241 4 306
201 39 107
361 49 322
161 48 58
321 12 99
281 42 468
281 50 94
361 19 427
121 28 233
321 22 33
361 33 54
321 42 342
121 39 198
41 7 59
241 45 181
81 22 361
281 37 455
121 42 113
161 36 446
241 18 164
241 37 361
361 49 469
41 20 336
81 48 308
321 33 313
201 50 197
161 7 36
361 35 142
81 24 72
281 1 276
201 44 146
321 35 18
161 21 189
121 31 161
201 39 188
241 19 135
121 8 47
121 12 297
321 42 245
121 40 39
361 50 291
41 19 97
321 38 307
361 6 320
321 45 90
81 15 91
41 28 441
121 36 267
321 33 240
321 33 165
201 35 486
81 30 285
321 7 189
361 44 60
81 38 198
121 23 104
281 4 449
161 20 63
121 17 230
121 4 395
161 9 112
241 45 104
81 12 256
361 25 157
281 36 26
361 5 45
81 36 175
41 46 141
41 15 482
281 31 161
41 7 240
281 44 479
281 23 383
81 29 429
161 24 466
241 18 52
201 8 208
361 10 486
81 3 134
321 36 219
121 41 289
321 27 496
321 14 465
161 38 415
41 18 482
281 36 105
201 5 152
321 23 389
121 47 48
361 17 165
121 23 141
201 49 380
361 14 451
241 44 1
41 5 281
241 17 409
361 24 343
81 11 3
161 10 88
241 26 37
81 45 219
121 4 168
121 45 350
161 15 285
161 26 180
81 39 15
161 31 308
361 42 376
361 32 227
121 45 371
81 45 294
361 33 109
81 42 372
41 45 100
161 43 397
281 1 20
161 36 391
281 20 226
201 41 320
321 24 380
41 45 163
121 39 25
161 27 473
161 36 387
41 18 329
241 4 498
281 17 138
281 35 301
161 32 146
281 26 488
161 24 474
281 41 447
201 18 287
201 6 288
201 12 175
361 36 323
201 14 56
41 19 334
281 9 377
281 34 289
81 41 471
41 50 383
241 10 164
361 4 385
41 5 111
361 25 304
161 4 467
321 13 398
121 21 224
121 9 82
81 46 425
201 31 316
121 44 146
81 30 281
361 32 406
121 3 61
121 15 311
281 7 212
161 42 232
361 40 13
41 17 49
81 7 178
201 27 311
281 44 398
281 10 129
161 23 162
41 18 371
281 14 488
161 29 153
