150 1 8
43 23 202
385 42 165
931 29 140
652 30 285
956 2 350
580 41 381
547 43 400
720 19 187
257 18 172
687 44 476
186 28 85
993 47 247
583 12 159
483 29 264
176 46 93
94 47 34
961 32 230
882 23 15
464 18 353
812 12 439
899 34 144
109 41 474
344 9 126
83 21 220
82 5 307
34 27 9
379 28 416
713 15 51
642 44 386
650 38 455
422 44 284
43 33 450
805 38 114
961 20 23
990 39 89
531 18 130
620 30 346
918 28 242
947 31 347
516 13 383
172 13 27
234 21 56
811 43 405
649 49 1
216 13 296
253 22 58
653 45 473
476 38 388
942 19 13
524 11 134
232 47 211
450 46 357
87 13 135
958 24 478
472 16 147
100 34 402
559 12 341
429 49 52
300 8 364
194 35 288
631 29 382
81 4 467
935 5 266
929 13 120
163 16 20
703 26 142
82 46 315
379 21 117
28 35 496
1000 20 293
722 14 174
150 37 178
499 42 235
934 10 500
355 32 309
229 47 285
719 14 358
114 33 166
537 3 322
844 44 452
781 4 213
809 30 448
527 11 136
912 23 276
978 25 431
460 50 423
238 40 460
907 13 470
135 21 366
941 34 440
108 46 339
485 27 13
320 40 321
631 48 445
454 38 359
814 21 98
554 2 445
550 24 334
451 35 471
521 39 86
968 22 360
69 20 82
631 32 159
331 33 185
946 19 265
983 32 64
328 47 337
354 32 386
730 49 281
36 3 446
929 21 294
657 1 143
642 7 490
549 31 313
385 24 453
184 40 339
679 2 235
427 48 392
248 27 391
913 10 199
211 28 19
944 42 238
405 10 8
94 34 341
251 20 167
873 3 287
694 28 454
215 4 265
389 43 56
667 10 118
862 16 496
904 22 466
284 43 2
97 38 149
540 50 16
671 39 173
299 12 49
536 21 288
350 32 210
163 28 308
67 13 317
121 6 472
361 40 318
113 8 253
842 39 387
333 19 292
915 19 158
512 39 195
705 34 39
583 30 213
