100 6 6
626 1 500
874 1 497
626 1 494
408 2 481
789 2 477
984 2 474
583 5 468
697 6 462
528 6 459
162 6 444
391 6 443
373 7 438
480 7 434
36 8 432
410 9 417
847 9 404
985 10 399
611 11 397
219 11 397
947 12 396
609 12 387
138 12 385
454 12 383
289 13 379
499 14 369
715 14 362
422 15 359
298 15 347
213 17 330
946 17 326
568 17 324
168 19 314
278 20 312
461 20 304
447 21 297
98 21 291
63 22 289
344 23 288
148 23 281
644 23 274
477 25 265
894 25 264
474 26 262
989 26 260
416 26 250
666 28 235
820 28 229
314 28 228
908 29 227
466 29 224
700 29 223
120 29 214
721 30 211
5 30 209
720 30 204
526 31 203
513 31 200
251 32 195
914 32 193
249 32 193
581 32 183
131 34 178
853 35 170
658 36 170
996 36 170
658 36 169
664 37 167
570 37 163
193 38 160
887 38 157
656 39 151
917 39 147
304 39 143
852 39 143
262 40 140
452 40 136
102 40 129
374 40 117
217 40 117
509 40 109
522 41 108
893 42 100
98 43 98
661 43 96
731 44 94
263 44 88
307 45 85
493 46 78
719 46 78
863 46 77
50 47 68
674 47 55
485 48 41
884 48 38
344 48 27
78 48 22
935 49 14
300 50 13
56 50 12
797 50 3
