250 10 6
121 42 139
421 47 450
361 39 343
181 5 44
301 47 116
421 44 352
361 19 166
541 7 84
121 8 141
541 21 460
481 4 450
241 37 416
421 14 155
541 26 3
301 43 92
61 6 158
481 28 245
541 40 37
181 50 167
361 29 6
61 15 377
181 14 247
121 1 332
301 20 5
181 47 301
481 2 422
481 7 467
241 12 306
61 45 28
61 27 110
301 15 440
421 28 12
61 33 162
241 9 65
241 15 234
61 35 123
541 43 388
301 7 471
241 35 493
481 14 425
61 7 54
481 26 368
421 44 468
301 50 265
181 16 267
181 1 441
121 7 77
61 49 245
481 44 358
301 48 287
481 38 9
481 48 398
421 1 496
61 19 380
241 7 468
121 22 41
301 48 78
121 49 129
121 14 309
241 10 375
61 22 245
361 49 302
421 20 464
181 5 449
481 36 345
361 24 290
421 19 493
541 4 318
241 14 25
361 14 479
121 1 405
241 3 223
421 16 174
61 48 360
361 44 180
541 46 42
121 9 363
361 4 54
301 5 242
541 46 211
241 22 294
241 25 49
361 19 180
61 28 336
361 10 22
541 32 466
301 12 175
121 19 487
121 18 292
301 30 58
181 1 251
181 43 262
481 15 132
481 28 420
121 15 493
181 11 118
541 23 52
541 16 60
181 6 147
421 18 138
541 49 196
541 2 108
121 34 422
421 13 296
121 49 461
481 49 241
421 21 96
481 2 414
301 42 368
421 25 216
241 32 195
481 36 179
421 39 219
241 7 278
121 38 256
61 23 152
121 21 156
541 42 474
181 4 113
61 37 130
301 1 226
421 40 349
541 39 130
361 24 370
61 12 398
61 4 477
361 3 201
361 47 193
481 7 147
61 21 439
541 26 117
361 32 341
301 41 352
481 23 326
481 33 33
181 25 205
481 36 171
181 28 90
121 18 226
421 21 65
481 35 414
541 22 270
181 22 245
421 32 231
481 43 71
361 49 403
181 11 295
61 29 2
301 4 109
121 42 413
61 40 495
121 37 152
301 17 398
121 8 147
541 45 98
421 7 471
121 34 222
121 29 75
241 33 492
121 36 64
181 10 226
361 2 396
121 28 299
361 48 422
361 29 145
181 36 330
481 21 349
241 50 94
241 11 344
541 50 420
61 11 378
541 7 352
481 10 184
241 17 192
301 25 331
121 30 337
541 36 149
421 42 260
301 28 359
301 13 179
61 1 42
421 8 180
301 11 252
181 24 191
301 26 319
181 6 104
181 41 119
181 4 170
541 28 445
181 38 288
241 9 92
241 3 53
241 4 37
241 26 423
481 7 405
241 3 86
181 32 233
121 4 427
361 50 286
541 24 379
181 29 176
481 5 311
241 42 186
361 1 138
541 34 238
241 11 431
541 42 385
121 19 182
241 23 448
421 20 292
181 1 209
301 43 479
301 24 455
241 2 334
301 14 152
361 25 365
61 39 237
241 38 340
121 13 9
121 13 171
181 3 226
361 49 167
421 20 367
241 3 402
241 32 296
481 29 360
421 43 366
181 18 148
61 48 345
421 15 212
481 13 240
301 46 192
361 38 271
481 40 499
481 32 156
481 20 96
361 4 157
301 7 449
181 38 372
121 4 323
481 34 110
181 9 192
361 8 269
481 10 484
121 19 307
541 37 310
421 10 163
481 37 256
361 4 488
181 3 146
