700 1 9
282 19 466
313 28 112
674 21 396
808 41 373
169 45 393
284 29 109
766 19 425
155 12 459
362 3 316
461 42 295
820 31 154
98 17 339
426 20 332
524 19 233
49 12 308
327 14 488
310 22 377
923 25 41
539 9 78
48 14 447
24 26 299
266 15 65
437 26 108
293 15 247
950 45 141
606 38 221
147 35 366
308 10 74
127 20 339
547 29 439
434 7 176
711 35 154
291 1 328
850 43 112
289 48 289
711 25 130
550 18 274
28 46 72
501 42 469
321 40 482
377 26 26
36 32 398
341 23 384
941 50 406
950 18 19
299 25 294
570 8 349
424 18 311
758 27 159
21 46 66
697 43 492
31 45 98
792 3 5
874 14 156
112 24 33
132 49 263
88 9 150
872 14 197
98 25 389
989 14 209
145 16 347
652 30 422
96 11 447
46 10 83
513 17 236
871 3 452
100 45 56
32 26 466
112 50 391
742 7 266
860 42 351
875 16 210
765 41 481
835 9 363
89 28 240
711 30 180
597 6 167
440 34 63
666 35 208
984 43 253
657 37 360
674 1 339
329 15 270
351 25 161
259 38 325
546 35 176
913 19 42
981 12 261
780 18 350
655 3 246
801 45 456
970 6 339
605 20 73
240 11 498
945 4 160
795 32 25
88 44 57
631 37 198
904 47 169
65 28 107
195 42 286
415 36 132
526 31 486
534 12 261
217 36 428
238 39 54
451 14 469
346 34 474
693 37 418
423 36 382
156 29 19
244 24 386
419 11 148
159 7 49
511 19 125
972 46 97
636 34 369
127 10 39
267 34 423
237 19 132
78 11 127
217 22 257
190 3 454
735 43 305
487 20 253
100 16 203
747 19 472
833 46 23
444 32 196
811 25 446
263 7 224
205 41 216
363 4 201
587 31 127
767 38 355
590 27 4
657 23 27
690 15 402
169 2 311
532 7 165
264 20 173
187 4 28
917 36 295
248 21 366
704 40 268
398 19 139
102 4 120
122 19 145
249 34 19
605 6 260
754 19 207
935 48 353
547 32 439
82 18 21
859 7 255
312 11 205
10 45 410
20 50 294
425 27 422
165 19 367
738 10 356
801 44 225
286 19 389
648 5 346
675 29 442
942 44 493
876 46 118
630 39 238
537 22 463
874 35 35
69 33 62
296 48 238
426 36 84
338 42 209
400 16 215
990 20 280
165 48 127
101 41 26
228 11 163
285 42 289
836 5 193
112 48 283
779 5 375
183 21 320
366 11 18
188 36 75
950 15 292
697 5 42
259 43 250
836 43 453
776 36 135
82 10 307
965 12 145
172 19 187
1 12 80
638 23 415
623 46 275
324 20 64
840 45 6
274 24 404
773 16 311
802 37 358
413 33 427
161 5 89
905 15 127
630 18 110
209 43 336
77 48 261
949 6 278
471 45 485
611 18 318
537 43 457
833 14 81
691 33 180
10 38 314
755 12 261
995 36 219
581 6 350
737 43 471
582 48 85
974 15 23
544 13 393
451 18 23
909 37 468
288 45 308
232 38 227
436 27 450
315 1 38
893 24 357
624 31 466
224 9 376
527 26 123
258 40 412
303 39 19
555 8 152
509 45 296
935 50 458
908 46 61
909 44 277
103 38 17
267 22 184
449 36 113
721 25 69
978 5 58
342 44 448
12 18 31
666 15 285
380 27 11
134 2 426
881 33 124
209 3 206
771 18 31
518 8 30
907 11 263
22 15 94
409 15 94
281 13 444
138 17 450
242 39 122
395 6 279
431 7 93
335 34 361
631 13 147
144 3 108
826 38 273
68 27 441
164 23 143
135 7 153
544 3 361
271 27 351
775 27 104
736 42 92
446 36 437
878 12 70
768 10 200
324 6 435
900 40 246
141 28 32
575 38 492
913 1 200
427 50 204
50 24 257
690 1 299
956 10 273
16 23 412
778 47 93
374 36 355
835 14 317
251 7 450
965 29 391
561 43 72
98 31 239
826 49 161
141 1 323
969 48 200
843 14 70
283 31 350
213 3 357
36 21 19
370 30 363
33 37 315
45 17 477
724 15 183
822 21 45
903 41 22
90 15 58
445 22 204
779 49 216
714 28 7
546 42 135
373 35 31
540 26 462
926 50 136
934 45 282
408 34 428
550 43 42
664 3 423
209 11 148
359 13 287
46 34 136
907 38 57
397 50 254
948 42 16
740 33 232
569 13 390
6 2 426
59 40 251
57 37 128
456 33 360
582 25 494
887 16 208
348 27 146
310 25 434
328 34 473
943 9 166
402 5 158
27 27 118
121 33 428
180 42 355
531 2 489
386 49 479
233 24 268
825 30 17
457 43 306
948 3 62
696 45 350
279 12 444
99 20 287
801 41 244
980 28 277
299 21 241
103 41 344
275 26 242
671 48 113
782 41 90
334 23 221
809 50 239
413 2 500
984 26 444
728 24 269
789 21 150
564 7 97
393 26 154
640 24 107
947 17 128
237 13 81
996 13 467
490 31 145
55 23 454
104 4 134
593 32 63
825 32 55
345 5 58
452 2 439
695 33 203
245 17 451
927 47 131
436 31 270
691 13 272
168 26 419
568 44 475
566 44 254
241 47 466
745 23 33
609 9 471
245 37 41
797 21 130
554 31 271
638 19 186
48 32 359
493 11 478
860 43 34
910 41 477
522 19 177
78 47 93
930 4 320
35 48 91
304 14 359
336 34 259
626 41 363
357 25 401
178 2 232
176 3 475
487 46 265
483 31 464
480 27 104
922 4 124
163 29 135
429 38 26
287 21 470
688 50 310
818 14 238
24 43 16
172 15 429
506 21 374
881 16 231
376 21 175
269 49 241
323 23 413
69 22 180
683 47 162
681 17 234
733 47 173
344 4 159
72 22 264
220 41 339
929 4 38
301 6 372
651 26 245
637 36 321
934 43 61
181 2 319
739 35 416
635 33 291
469 25 227
962 26 52
539 43 340
873 44 292
110 13 385
800 38 480
449 20 288
756 12 309
265 13 451
531 1 24
799 45 134
666 10 469
60 41 264
427 39 85
219 34 215
771 48 294
661 43 122
67 43 71
773 30 191
796 4 488
796 2 407
265 14 79
821 38 491
807 15 278
328 36 51
487 27 276
287 9 143
999 1 309
915 10 347
880 15 119
676 15 166
583 14 459
219 46 344
686 25 262
702 20 324
179 45 25
615 14 326
64 20 483
279 31 216
959 49 431
308 26 140
632 1 473
791 33 215
4 23 353
250 26 293
746 2 417
728 28 366
105 22 451
39 6 240
312 6 356
608 10 396
367 46 495
247 25 370
762 41 432
771 17 307
13 15 115
885 17 66
155 2 186
130 8 257
59 43 121
66 9 62
990 6 325
84 11 375
83 22 231
464 5 256
263 50 57
79 9 126
610 15 60
58 45 66
566 32 304
796 1 127
156 28 353
803 47 452
686 1 338
572 10 453
430 8 211
281 7 453
442 27 317
875 49 45
725 9 245
117 34 26
49 22 119
799 24 446
772 4 318
993 19 183
320 20 60
301 41 303
100 38 197
414 17 490
565 10 481
609 34 159
853 22 296
55 43 318
84 35 34
567 46 484
970 4 152
110 18 273
634 12 260
315 49 88
465 25 217
619 31 194
422 44 302
882 22 24
472 46 91
532 20 275
311 32 354
379 38 66
403 7 417
660 28 351
808 41 82
78 47 22
146 13 55
435 13 289
672 13 121
679 39 110
577 23 193
663 10 257
430 44 224
543 16 352
664 37 385
693 37 115
729 11 365
543 4 117
953 20 409
711 33 186
485 45 146
138 20 376
392 17 29
555 44 425
153 10 420
374 39 188
685 10 469
813 44 182
149 48 102
519 22 31
270 34 228
681 43 433
761 39 134
560 24 56
712 9 225
672 14 393
160 23 115
183 22 396
941 48 231
629 30 374
362 2 113
772 44 414
40 6 183
972 14 105
865 2 260
357 12 121
596 22 102
479 44 205
363 36 126
209 17 375
722 8 390
414 19 275
974 31 232
640 48 239
570 41 470
225 27 6
610 37 119
596 14 435
986 10 198
52 45 446
735 29 105
597 5 353
602 37 173
511 44 487
318 41 252
151 6 256
553 6 358
120 25 256
701 37 38
704 45 28
985 16 17
719 30 185
20 25 128
921 9 363
133 11 98
724 20 83
140 25 403
347 33 58
907 36 481
200 20 497
863 18 401
307 20 237
870 24 186
310 9 100
362 45 494
68 46 178
955 50 289
509 13 95
95 10 499
496 11 9
179 23 85
37 11 465
399 37 137
810 3 473
833 33 353
962 30 271
220 40 338
315 23 55
794 24 340
856 46 299
52 12 117
991 49 137
378 22 458
812 37 19
680 48 448
603 47 349
350 22 229
732 43 154
420 3 46
54 49 464
300 25 126
596 17 117
665 8 417
137 4 446
919 7 197
181 6 150
918 24 274
412 38 456
279 32 483
483 3 425
573 27 84
374 5 338
486 35 423
931 8 11
586 37 350
969 30 439
574 27 157
534 10 3
173 23 152
377 41 359
726 4 234
285 50 324
472 48 33
7 24 384
860 20 474
642 33 279
716 38 219
782 19 28
309 3 260
847 11 367
725 3 473
649 18 178
296 10 188
159 23 179
333 25 335
438 32 112
610 17 318
479 41 21
182 6 461
387 43 310
650 41 335
207 32 270
545 13 168
316 25 318
565 19 74
314 41 254
179 26 350
287 16 352
685 12 292
703 35 381
327 3 388
