400 1 3
845 50 3
769 50 3
600 50 5
538 50 6
519 50 8
414 50 9
201 50 10
275 50 12
242 50 13
892 50 14
205 50 17
855 49 18
534 49 19
440 49 20
290 49 20
568 49 20
957 49 26
245 49 27
74 49 29
443 49 34
287 49 34
544 49 36
11 49 40
617 48 41
177 48 42
940 48 45
844 48 46
28 48 49
281 48 52
875 48 53
254 48 54
766 48 58
384 48 58
654 48 62
20 47 65
948 47 67
604 47 67
619 47 69
49 47 69
658 47 70
233 46 71
54 46 72
581 46 75
369 46 76
236 46 78
939 46 79
747 46 81
339 46 82
908 46 82
807 46 83
882 46 85
471 46 85
773 46 85
174 46 86
574 46 86
120 46 89
914 45 89
374 45 91
259 45 92
680 45 92
70 45 92
147 45 93
525 45 96
177 45 97
631 45 97
772 45 100
414 45 101
84 45 102
664 44 103
91 44 105
101 44 106
523 44 108
706 44 108
554 44 108
999 44 109
912 44 109
606 44 111
481 43 111
773 43 113
865 43 114
881 43 116
140 43 117
74 43 118
995 43 118
413 43 119
744 43 119
559 43 120
587 42 121
511 42 123
174 42 125
213 42 126
612 42 128
418 41 130
600 41 132
759 41 133
210 41 133
624 41 134
385 41 134
825 41 135
605 40 137
8 40 139
937 40 140
952 40 141
41 40 141
161 39 143
118 39 145
80 39 151
906 39 151
705 39 152
334 38 153
348 38 154
757 38 154
338 38 155
193 38 155
709 38 155
402 38 157
474 38 157
147 37 157
258 37 159
654 37 161
525 37 163
471 37 163
217 37 163
164 37 163
769 37 164
847 36 165
351 36 166
363 36 166
198 36 167
760 36 167
258 36 167
83 35 169
200 35 170
202 35 171
480 35 171
1 35 173
642 35 174
517 35 178
811 35 178
523 35 179
537 35 181
751 35 182
468 34 182
813 34 186
354 34 188
122 34 190
496 34 191
729 34 191
657 34 192
123 33 193
579 33 195
868 33 198
295 33 200
4 33 201
80 33 204
685 33 204
335 33 204
788 33 205
307 32 206
522 32 207
29 32 209
644 32 209
267 32 209
739 32 210
475 32 210
514 32 212
543 31 213
287 31 214
90 31 214
954 31 216
772 31 217
973 30 218
937 30 218
64 30 221
40 30 221
635 29 222
349 29 223
587 29 224
566 29 225
818 29 227
45 29 228
811 29 228
102 29 228
971 29 228
41 29 229
643 29 231
376 28 231
322 28 232
223 28 234
290 28 235
549 28 238
104 28 239
737 28 239
195 28 241
723 28 242
776 28 244
102 27 245
716 27 245
267 27 248
415 27 249
867 27 250
347 26 254
288 26 254
910 26 255
574 26 257
52 26 258
822 26 260
827 26 260
143 25 261
752 25 263
500 25 263
307 25 264
860 25 266
344 25 266
807 24 267
845 24 267
271 24 268
175 24 268
789 24 269
96 24 269
942 24 270
645 24 271
339 24 272
348 24 274
766 24 275
632 23 276
203 23 277
118 23 277
157 23 278
860 23 280
14 22 282
117 22 283
403 22 284
803 22 285
130 22 287
385 22 289
940 22 289
888 21 289
312 21 290
523 21 293
589 21 294
421 20 295
437 20 295
791 20 300
184 20 300
805 20 301
746 20 301
783 20 303
989 19 303
340 19 304
466 19 304
73 19 305
679 19 306
106 19 309
463 18 313
409 18 313
457 18 313
294 18 315
922 18 315
225 18 316
891 18 317
367 18 325
573 18 326
220 18 327
469 18 328
886 17 329
390 17 329
586 17 330
438 17 331
295 17 332
211 17 332
293 16 333
769 16 335
695 16 335
29 16 336
987 16 338
309 16 341
47 16 342
851 15 343
308 15 344
512 15 346
78 15 346
27 15 346
475 15 347
959 15 348
181 15 349
534 15 349
666 15 351
61 15 351
315 15 351
985 15 352
294 14 355
277 14 355
953 14 357
516 14 357
41 14 358
165 14 361
248 13 362
145 13 365
766 13 366
353 13 367
46 13 368
555 13 369
639 13 370
409 13 370
408 13 371
241 13 371
18 13 373
409 13 375
185 12 375
349 12 377
18 12 377
899 11 377
945 11 379
349 11 388
178 11 389
610 11 391
785 11 392
357 11 396
668 11 396
893 11 397
266 10 398
718 10 399
904 10 401
87 10 403
725 10 405
767 10 408
608 9 409
783 9 409
229 9 411
919 9 411
832 9 412
153 9 412
969 8 413
764 8 413
563 8 413
512 8 414
37 8 415
636 8 415
48 8 416
598 8 417
696 7 420
541 7 425
219 7 427
345 7 428
761 7 432
875 7 433
792 7 436
332 7 437
154 7 440
342 7 440
387 7 441
431 7 441
663 6 442
676 6 442
811 6 442
388 6 442
344 6 444
810 6 444
453 6 447
432 6 448
473 6 449
195 6 451
484 5 452
729 5 453
938 5 454
946 5 456
429 5 458
322 5 459
907 5 459
458 4 462
577 4 464
256 4 465
912 4 467
296 4 470
108 4 471
728 4 473
298 4 474
649 3 474
667 3 475
408 3 477
429 3 477
462 3 479
778 3 480
894 3 482
278 2 485
296 2 485
947 2 486
41 2 487
405 2 487
993 2 488
995 2 488
706 2 488
976 2 494
361 1 495
958 1 495
86 1 496
32 1 497
297 1 497
387 1 497
