300 7 9
311 1 498
31 1 497
132 1 494
609 1 488
493 2 488
417 2 487
287 2 486
157 2 486
151 2 483
378 3 483
617 3 483
957 3 479
693 3 476
332 3 472
817 3 471
531 3 471
357 4 468
676 4 465
241 4 461
990 4 457
871 4 455
476 4 452
687 4 447
60 4 444
261 5 442
196 5 441
754 5 440
530 5 438
762 6 436
128 6 433
820 6 429
486 6 429
773 6 428
347 6 420
459 7 416
485 7 416
874 7 415
233 7 414
691 7 414
649 7 413
253 7 413
626 7 410
556 8 409
74 8 408
516 8 406
962 8 406
707 8 403
734 8 402
369 9 399
821 9 397
783 9 396
75 9 396
856 9 395
408 9 392
338 9 390
504 9 388
323 10 386
482 10 385
859 10 384
556 10 383
144 10 383
522 10 381
68 10 377
430 11 377
19 11 376
442 11 376
853 11 375
283 11 374
821 11 374
769 12 374
948 12 372
438 12 372
745 12 370
831 12 370
838 13 368
786 13 367
823 13 365
449 14 364
415 14 363
963 14 363
439 14 361
52 15 359
698 15 358
779 15 357
547 16 357
670 16 357
29 16 357
64 16 346
249 16 339
992 16 337
317 16 336
538 16 334
804 16 330
367 16 325
937 17 323
931 17 322
622 17 322
754 17 321
765 18 320
591 18 318
180 18 318
614 18 318
358 18 315
722 18 315
742 18 312
213 18 312
812 18 311
889 18 311
225 18 309
238 19 303
801 19 301
648 19 299
683 19 291
597 19 290
429 20 290
67 20 286
651 20 285
283 20 283
92 20 281
112 20 280
946 20 279
904 20 278
324 20 278
210 21 278
154 21 276
117 21 276
870 22 272
616 22 270
113 22 269
70 22 266
664 22 265
228 22 265
161 22 262
540 23 262
485 23 257
944 23 257
696 23 254
697 24 254
946 24 250
82 24 245
287 25 244
45 25 243
798 25 243
200 25 242
106 25 240
125 25 238
493 25 235
534 26 235
115 26 234
955 26 223
825 26 221
933 26 219
627 26 218
8 27 211
366 27 210
253 27 208
637 27 207
270 27 206
791 27 204
467 27 204
464 27 204
147 28 201
482 28 198
358 28 197
778 29 197
975 29 194
997 29 193
939 29 192
164 30 188
894 30 184
620 30 184
97 30 183
926 30 182
689 30 181
769 30 178
687 30 178
615 30 175
191 30 174
302 30 174
769 30 173
224 31 173
913 31 172
905 31 172
753 31 170
990 31 169
228 32 168
604 32 162
458 32 159
11 32 158
959 33 157
905 33 156
263 33 156
752 33 155
779 34 153
39 34 151
978 34 151
753 34 150
890 34 150
219 34 148
185 34 147
741 34 144
225 34 143
917 34 143
515 34 139
848 34 138
223 35 136
398 35 135
697 35 135
967 35 135
280 35 134
395 36 134
943 36 131
127 36 131
955 36 128
713 36 128
889 36 127
842 37 125
806 37 123
893 37 122
666 38 122
463 38 121
427 38 121
414 38 119
912 38 116
885 39 112
44 39 112
586 39 111
884 39 111
483 39 109
171 39 108
401 40 107
125 40 105
695 40 105
140 40 104
834 40 103
476 40 102
338 40 101
699 40 101
505 40 98
106 40 97
445 40 95
514 40 94
353 40 94
205 41 90
746 41 89
123 41 89
235 41 86
489 41 85
312 42 85
308 42 85
867 42 79
988 42 78
156 42 77
360 43 76
436 43 73
114 43 73
457 43 72
754 43 70
440 44 69
887 44 69
477 44 67
580 44 66
709 44 65
603 44 61
711 44 57
429 45 57
727 45 56
967 45 56
248 46 55
865 46 55
518 46 50
278 46 49
693 47 49
499 47 45
948 47 41
878 47 39
142 47 36
238 47 35
653 47 33
222 47 33
406 48 32
625 48 32
435 48 29
561 48 25
728 48 22
176 48 20
589 48 19
553 48 18
434 48 12
79 49 11
508 49 11
159 49 10
785 49 7
266 49 7
570 49 7
207 50 7
625 50 5
607 50 4
231 50 4
992 50 2
