900 4 2
456 50 500
148 50 499
815 50 499
920 50 499
310 50 499
669 50 499
802 50 498
598 50 497
602 50 497
426 50 496
216 50 495
158 50 495
84 50 494
720 50 493
86 50 493
181 50 492
89 50 491
547 50 490
764 50 490
702 50 489
838 49 488
812 49 488
695 49 488
954 49 487
402 49 486
250 49 486
354 49 486
832 49 485
886 49 484
440 49 484
608 49 484
655 49 483
491 49 482
724 49 482
537 49 482
455 49 481
872 49 481
296 49 480
855 49 479
752 49 479
615 49 477
145 49 477
147 49 475
323 49 475
59 48 474
301 48 474
457 48 473
484 48 472
625 48 471
26 48 471
525 48 470
361 48 466
95 48 466
825 48 465
368 48 463
452 48 463
573 48 463
185 48 462
187 48 462
60 48 460
151 48 459
639 48 459
574 48 457
650 48 457
196 48 457
811 48 457
318 48 455
383 48 454
526 48 454
775 48 454
297 47 454
75 47 453
758 47 453
352 47 452
983 47 452
464 47 452
291 47 452
199 47 451
703 47 451
477 47 450
567 47 450
161 47 449
859 47 448
559 47 448
134 47 445
946 47 445
473 47 444
945 47 444
956 47 444
681 46 443
206 46 443
260 46 442
666 46 442
277 46 442
201 46 442
513 46 441
341 46 441
605 46 441
338 46 439
803 46 439
115 46 438
620 46 437
125 46 437
931 46 436
930 46 436
515 45 435
887 45 435
987 45 434
79 45 434
265 45 434
316 45 432
563 45 431
872 45 431
646 45 430
34 45 429
938 45 429
103 45 428
941 45 428
21 45 428
220 45 428
227 45 427
447 45 426
792 45 425
914 45 425
588 45 424
317 45 424
885 45 424
960 45 424
715 44 422
853 44 421
537 44 420
879 44 420
348 44 420
893 44 420
991 44 419
699 44 419
369 44 418
846 44 418
831 44 416
950 44 416
564 44 416
312 44 415
923 44 414
171 44 414
480 44 414
883 44 413
254 44 413
55 44 412
893 44 412
197 44 411
169 44 410
490 44 410
294 44 409
736 44 409
299 44 409
100 44 406
920 44 406
803 43 406
149 43 405
82 43 405
130 43 404
712 43 403
271 43 403
231 43 403
716 43 403
958 43 402
658 43 402
39 43 401
413 43 401
421 43 401
459 43 401
127 43 401
981 43 401
630 43 401
521 43 401
920 43 400
107 43 400
645 43 400
259 43 399
787 43 398
540 43 398
231 43 398
633 42 397
694 42 396
841 42 395
453 42 395
501 42 395
333 42 392
723 42 391
611 42 391
597 42 389
51 42 389
574 42 389
770 42 388
305 42 388
999 42 388
247 41 388
409 41 387
899 41 387
468 41 386
587 41 386
555 41 385
272 41 385
153 41 384
582 41 383
617 41 383
369 41 382
263 41 382
741 41 382
792 41 381
878 41 381
193 41 380
32 41 380
269 41 378
400 41 378
637 41 378
392 41 377
445 40 377
385 40 376
608 40 375
840 40 375
698 40 375
979 40 375
281 40 373
683 40 372
271 40 372
665 40 370
131 40 369
818 40 369
548 40 367
190 40 367
622 40 366
96 40 365
205 40 365
952 40 365
967 39 365
28 39 364
973 39 363
672 39 363
972 39 363
258 39 362
528 39 362
226 39 361
404 39 361
463 39 361
349 39 360
395 39 360
763 39 359
942 39 359
522 39 359
347 38 358
51 38 358
828 38 358
707 38 358
465 38 358
917 38 357
836 38 357
506 38 357
837 38 356
511 38 356
72 38 356
18 38 355
494 37 354
944 37 354
110 37 354
863 37 353
73 37 352
311 37 351
906 37 351
4 37 351
978 37 350
98 37 350
741 37 350
960 37 349
930 37 349
730 37 348
402 37 348
491 37 348
550 36 347
635 36 346
113 36 345
386 36 345
39 36 345
529 36 344
754 36 343
538 36 343
691 36 343
261 36 342
279 36 342
889 36 340
280 36 339
200 36 338
126 36 338
511 36 337
144 36 337
471 36 337
418 36 337
180 35 337
534 35 337
788 35 335
669 35 334
564 35 334
603 35 334
893 35 332
980 35 332
437 35 332
60 35 332
853 35 331
215 35 331
385 34 330
588 34 330
241 34 330
515 34 330
703 34 330
738 34 330
453 34 329
198 34 329
995 34 329
15 34 329
997 34 329
975 34 328
174 34 327
526 34 327
808 34 327
471 34 327
120 34 323
160 34 322
110 34 320
200 34 318
442 34 317
547 34 316
338 33 316
752 33 316
736 33 316
774 33 315
682 33 314
961 33 314
595 33 314
484 33 313
419 33 312
833 33 311
221 33 310
698 33 309
762 33 308
698 33 306
189 33 306
702 32 305
141 32 305
773 32 305
971 32 304
471 32 303
160 32 302
319 32 301
86 32 299
195 32 298
692 32 298
608 32 297
864 32 297
961 32 295
946 32 295
123 31 295
523 31 293
836 31 293
53 31 292
351 31 292
748 31 292
616 31 292
804 31 292
194 31 291
942 31 291
468 31 290
175 31 289
525 31 289
18 31 289
140 31 288
809 31 285
304 31 284
330 31 284
73 31 284
244 31 283
490 31 283
949 30 281
951 30 281
571 30 280
812 30 279
500 30 279
460 30 278
448 30 276
339 30 276
403 30 276
336 30 275
630 30 275
385 30 275
124 30 274
677 30 274
624 30 273
495 30 273
341 30 272
684 30 271
568 30 271
433 30 271
929 30 270
881 29 269
277 29 268
886 29 267
284 29 267
869 29 267
723 29 267
162 29 267
264 29 267
982 29 267
150 29 266
410 29 265
693 29 264
197 29 263
945 29 261
11 29 260
494 29 260
907 29 260
888 29 259
927 29 258
94 29 258
929 29 257
391 29 257
885 29 257
360 29 256
491 28 255
617 28 255
308 28 254
118 28 254
103 28 254
754 28 253
883 28 253
138 28 253
816 28 252
448 28 251
768 28 250
56 28 250
210 28 249
860 27 248
68 27 248
204 27 247
33 27 247
863 27 247
968 27 246
608 27 246
891 27 245
231 27 245
254 27 244
430 27 242
558 27 241
545 27 241
421 27 240
468 27 239
447 27 239
888 27 237
658 27 237
925 26 237
880 26 236
891 26 236
384 26 233
539 26 232
845 26 232
645 26 231
637 26 230
779 26 229
868 26 229
934 26 228
376 26 228
497 26 228
894 26 228
63 26 228
74 26 228
74 26 227
814 26 227
499 26 227
104 26 226
985 26 226
629 26 226
104 26 226
26 26 224
673 25 223
688 25 223
357 25 223
860 25 223
57 25 222
39 25 220
926 25 220
486 25 220
845 25 220
746 25 220
386 25 218
545 25 218
657 25 218
666 25 218
614 25 218
513 24 217
960 24 216
193 24 215
674 24 214
946 24 214
179 24 213
983 24 213
777 24 213
64 24 213
30 24 211
722 24 209
390 24 209
959 24 209
572 24 208
937 24 208
561 24 208
867 24 207
986 24 207
749 24 206
73 24 206
525 24 206
937 24 205
332 23 205
476 23 205
235 23 205
685 23 204
196 23 204
58 23 202
459 23 202
843 23 202
241 23 202
304 23 201
732 23 200
551 23 199
163 23 199
792 23 199
56 23 199
627 23 198
431 23 198
325 23 197
426 23 197
387 23 197
999 22 197
84 22 196
664 22 196
917 22 196
505 22 195
966 22 193
605 22 193
319 22 192
801 22 191
594 22 191
366 22 191
729 22 189
52 22 188
743 22 188
270 22 187
361 22 187
474 22 187
639 22 186
49 22 185
797 22 185
143 22 184
704 22 184
113 22 183
410 22 180
558 22 180
900 22 180
120 21 180
244 21 178
666 21 177
496 21 177
67 21 176
711 21 176
723 21 176
489 21 176
872 21 176
257 21 175
593 21 174
378 21 173
212 21 173
754 20 170
632 20 170
674 20 170
354 20 170
556 20 170
889 20 169
3 20 169
931 20 169
381 20 168
688 20 168
325 19 168
495 19 168
715 19 167
775 19 167
297 19 166
334 19 166
743 19 166
302 19 165
250 19 164
854 19 163
802 18 163
757 18 162
349 18 162
177 18 161
732 18 161
425 18 160
857 18 160
914 18 159
11 18 159
134 18 158
153 18 157
387 18 157
960 18 156
799 18 156
575 18 156
182 17 156
166 17 154
415 17 153
723 17 151
743 17 151
180 17 151
203 17 151
568 17 150
354 17 148
330 17 147
206 17 147
807 17 147
62 17 145
632 17 144
680 17 144
390 17 144
165 16 143
905 16 142
460 16 142
552 16 141
439 16 140
78 16 140
125 16 139
376 16 139
290 16 139
823 16 138
108 16 138
528 15 137
64 15 137
565 15 137
649 15 136
11 15 136
845 15 136
715 15 135
379 15 133
459 15 132
508 15 132
235 15 131
349 15 130
516 15 129
397 15 129
53 15 128
496 15 127
376 15 127
924 15 127
417 15 127
503 15 126
276 15 126
137 14 126
886 14 125
155 14 125
663 14 124
416 14 124
411 14 123
187 14 123
194 14 123
13 14 122
618 14 122
975 14 121
603 14 120
46 14 120
749 14 119
561 14 119
164 14 119
844 14 117
544 14 117
561 14 116
200 13 116
190 13 114
734 13 113
764 13 113
430 13 113
924 13 112
48 13 112
328 13 111
918 13 110
638 13 110
424 13 110
815 13 110
816 13 109
783 13 109
99 13 108
141 13 108
692 13 108
265 13 108
549 13 108
751 13 107
51 13 106
758 13 106
199 13 105
322 13 104
421 12 102
272 12 102
451 12 101
693 12 101
932 12 100
878 12 100
192 12 99
605 12 99
854 12 98
515 12 97
153 12 97
731 12 97
688 12 97
908 12 97
463 12 97
139 12 97
85 12 96
38 12 96
823 12 95
380 12 95
462 12 95
778 11 94
767 11 92
287 11 92
435 11 92
615 11 92
249 11 91
638 11 91
639 11 90
282 11 89
458 11 89
866 11 88
266 11 88
291 11 87
516 11 87
656 11 87
489 11 86
735 11 86
239 11 85
706 11 84
760 11 84
870 10 84
855 10 84
390 10 83
607 10 82
145 10 81
127 10 80
197 10 80
834 10 80
442 10 79
499 10 79
466 10 79
418 10 78
23 10 77
379 10 77
444 10 77
217 10 77
956 10 77
731 10 76
306 9 76
331 9 74
644 9 74
183 9 73
779 9 73
887 9 73
692 9 73
564 9 72
871 9 67
597 9 67
380 9 66
90 9 66
333 9 65
994 9 64
114 9 64
302 9 63
81 9 63
239 9 63
293 9 63
867 9 63
529 8 61
168 8 60
612 8 60
752 8 59
821 8 59
824 8 59
537 8 58
261 8 58
105 8 56
801 8 55
669 8 55
671 8 54
569 8 54
337 8 53
992 8 52
475 7 52
16 7 51
120 7 51
277 7 51
503 7 50
260 7 50
118 7 49
768 7 48
988 7 48
505 7 47
882 7 46
749 7 46
168 7 46
536 7 44
532 7 42
278 7 42
888 7 41
452 7 41
676 7 41
73 7 40
2 6 40
834 6 38
148 6 38
180 6 38
384 6 37
826 6 37
480 6 37
502 6 37
312 6 37
486 6 35
662 6 35
211 6 35
353 6 34
102 6 34
184 5 33
35 5 33
953 5 32
45 5 32
279 5 30
919 5 30
457 5 30
643 5 29
409 5 28
745 5 28
130 5 27
984 5 27
755 5 26
168 5 25
712 4 23
594 4 23
241 4 22
237 4 22
628 4 22
939 4 21
34 4 21
5 4 21
168 4 21
947 4 20
754 4 20
35 3 20
268 3 19
309 3 19
359 3 18
720 3 18
493 3 17
304 3 16
396 3 16
778 3 15
533 3 15
748 3 14
75 2 14
310 2 14
198 2 13
439 2 12
853 2 12
868 2 12
207 2 11
860 2 10
278 2 10
230 2 10
57 2 9
926 2 9
660 2 9
668 2 9
755 2 8
454 2 7
822 1 7
783 1 6
298 1 5
727 1 5
466 1 5
951 1 4
29 1 4
890 1 4
278 1 3
548 1 3
932 1 2
227 1 2
199 1 2
814 1 2
896 1 1
599 1 1
960 1 1
