950 9 10
11 31 100
287 48 101
955 2 137
442 30 470
451 42 354
582 39 302
485 44 354
576 8 109
663 34 68
827 30 493
202 42 84
26 10 340
598 37 316
463 32 463
626 4 485
23 12 441
448 30 40
205 7 126
230 10 409
896 29 204
588 19 76
704 28 50
238 44 461
514 41 233
642 1 304
320 31 207
419 34 20
418 40 191
379 47 61
647 49 119
666 29 352
290 13 76
521 21 191
641 10 457
493 38 62
905 25 458
389 12 125
738 18 352
832 15 466
408 11 259
293 38 461
442 48 319
677 15 46
927 36 134
64 22 58
610 24 267
164 7 25
813 22 4
918 8 344
754 22 283
827 45 332
303 15 3
487 6 344
794 46 412
510 44 117
801 23 213
832 16 386
398 47 28
796 8 264
801 29 402
117 3 43
71 39 89
661 46 83
953 29 324
231 44 119
547 21 459
107 47 30
459 18 499
81 14 168
342 49 411
516 25 309
544 49 62
593 20 38
538 42 403
306 10 495
986 42 40
33 49 484
778 35 442
56 26 67
56 10 489
921 13 91
388 44 481
713 32 444
607 49 368
19 16 206
596 4 93
790 48 205
446 36 330
201 12 53
676 45 393
212 25 473
347 34 182
30 3 451
649 10 20
312 31 459
538 2 176
310 1 480
505 37 196
840 27 290
173 42 112
35 26 228
400 5 385
624 15 99
453 31 248
655 4 494
801 1 100
805 28 250
663 33 197
736 30 193
81 29 249
201 49 59
274 34 259
204 30 213
64 37 472
548 12 498
965 36 456
122 2 18
592 40 12
972 33 387
454 37 383
378 20 97
383 19 34
265 35 337
222 20 331
673 43 192
921 30 249
639 26 234
137 45 415
372 30 374
942 6 347
89 45 321
425 20 302
807 43 343
34 15 296
686 14 395
491 41 451
218 46 234
283 31 156
891 5 375
386 21 78
280 25 293
37 34 150
341 15 369
320 8 338
492 37 189
89 31 192
289 47 394
284 12 51
82 4 192
164 41 326
522 20 286
989 38 332
22 14 128
707 7 35
646 48 450
989 48 190
692 23 410
107 36 203
750 9 282
9 39 337
420 6 356
710 40 266
8 46 64
549 17 388
49 3 271
218 42 175
323 11 451
550 39 321
270 9 322
979 36 301
390 27 227
296 11 414
373 41 340
329 7 476
805 14 208
734 12 42
580 4 232
516 16 168
562 28 210
568 27 232
813 47 308
730 14 498
44 40 346
639 47 405
601 27 236
219 26 91
543 7 132
484 1 247
938 8 65
243 45 126
848 35 237
672 14 394
211 34 11
38 34 79
587 16 334
821 15 251
117 28 71
994 29 347
562 18 138
937 18 384
784 15 77
342 23 303
956 38 473
780 40 38
554 6 214
160 4 256
568 28 218
296 13 95
800 17 382
428 39 373
557 15 53
93 13 288
576 11 222
848 4 288
735 17 114
223 35 94
504 48 473
603 24 83
448 26 94
720 47 225
78 43 129
357 32 67
33 49 28
928 42 242
84 4 186
394 46 251
708 12 139
203 1 147
951 12 243
56 22 174
976 48 131
258 30 414
747 43 196
367 36 8
384 37 373
706 36 142
965 10 179
496 44 196
448 14 498
185 46 385
469 45 482
454 4 139
581 42 436
624 47 98
807 36 331
968 22 368
263 15 224
2 30 255
551 37 13
824 38 63
422 26 212
940 24 181
406 39 407
310 8 268
127 10 11
581 3 445
796 14 90
973 26 482
697 25 444
93 50 399
994 25 403
463 26 118
201 41 63
539 47 349
515 4 15
27 43 246
254 40 476
855 30 393
736 24 360
348 21 94
506 41 115
742 15 484
999 35 33
653 39 278
597 29 249
460 33 299
486 45 34
448 8 391
360 31 370
76 3 485
600 41 354
430 19 423
987 5 359
316 1 210
724 45 118
136 15 87
396 14 282
261 2 363
934 11 311
692 1 268
37 39 460
406 46 255
443 43 431
418 36 443
792 26 99
993 6 479
645 16 149
630 26 263
570 14 74
877 9 27
921 37 12
64 44 385
73 18 211
539 48 68
48 30 183
870 17 25
268 38 107
933 19 198
753 22 391
443 33 352
133 42 453
537 14 450
449 38 32
632 12 183
261 28 210
724 23 441
437 14 197
944 20 312
845 28 173
754 30 120
518 16 492
506 22 188
276 24 259
75 6 268
887 17 124
783 32 435
242 17 161
615 15 67
324 3 427
651 5 268
88 12 426
922 5 389
338 19 414
735 46 46
10 16 428
940 13 61
582 26 371
740 32 429
19 45 283
680 8 303
820 16 34
884 27 239
387 22 217
813 23 111
878 15 81
243 44 478
823 43 41
457 31 397
829 36 122
19 14 449
53 35 108
217 12 460
1 31 82
475 39 319
107 40 62
590 2 98
736 15 372
401 13 76
739 23 142
307 38 440
5 4 141
70 32 344
405 10 392
138 13 59
312 48 208
775 17 191
617 39 331
28 2 311
893 19 282
940 47 210
567 8 360
712 39 344
595 2 271
993 24 180
13 7 403
115 38 376
690 17 115
90 31 297
173 18 481
550 48 91
377 24 300
123 34 124
281 42 438
542 22 443
338 15 293
213 17 205
36 3 417
253 17 376
827 39 125
107 5 421
790 47 430
703 26 140
211 36 146
180 4 118
843 39 36
375 30 260
679 21 238
963 50 139
937 34 464
433 24 434
135 8 243
850 30 8
989 1 335
209 21 271
137 17 354
685 4 44
689 50 285
376 33 461
497 8 490
402 34 28
171 1 213
975 16 394
10 22 320
365 17 145
293 25 49
541 46 121
221 33 20
481 30 270
421 33 299
300 16 198
516 28 154
907 37 379
888 2 25
248 1 210
435 31 191
265 7 457
176 34 231
831 46 320
387 26 450
607 6 438
663 7 487
53 9 486
115 10 140
753 9 179
367 40 499
575 31 348
716 2 328
404 23 110
752 14 339
696 21 335
200 36 87
910 41 50
822 14 230
169 39 435
823 10 136
318 33 66
108 12 87
457 36 314
975 7 497
422 16 85
960 4 120
717 46 493
167 28 139
420 1 164
389 9 367
962 15 197
96 28 127
736 29 274
71 29 437
998 6 116
496 43 214
767 10 305
375 27 104
93 25 303
578 32 307
453 42 310
51 21 432
47 49 464
566 18 243
793 28 66
985 4 147
463 21 308
506 42 254
627 36 493
632 1 479
535 14 13
907 19 210
936 17 189
755 44 318
776 10 142
964 13 29
574 38 23
979 19 416
70 48 293
560 3 244
370 39 94
728 19 436
520 22 319
870 36 408
437 32 305
612 46 389
382 41 456
753 13 316
111 3 487
900 29 475
52 5 373
242 40 200
483 42 266
244 14 263
436 45 490
253 27 457
258 17 169
102 34 252
152 49 361
204 15 139
988 11 123
375 22 433
45 37 413
690 17 468
33 12 49
894 22 396
356 25 438
14 18 87
877 50 468
338 49 408
658 46 345
395 16 142
769 50 332
966 17 247
848 27 15
450 49 408
181 34 241
492 49 203
653 9 299
292 35 438
371 19 252
731 4 252
800 41 321
847 2 104
319 35 399
743 11 275
554 28 459
211 31 349
714 31 466
780 47 338
40 44 23
177 15 69
22 1 369
774 49 179
55 40 215
759 47 36
715 7 138
864 37 414
441 14 300
356 11 25
640 7 116
831 4 460
797 1 426
772 44 63
197 22 15
147 42 106
316 36 317
543 27 351
676 12 340
273 10 92
438 43 214
716 27 179
23 43 61
488 46 27
883 36 421
828 13 147
540 14 45
62 22 229
126 34 139
357 32 215
61 31 205
526 47 136
595 21 332
709 23 433
532 8 67
481 2 489
754 47 114
240 19 437
268 49 325
406 28 276
365 6 13
567 34 139
202 48 427
999 37 339
732 4 399
174 13 77
2 46 162
450 1 323
49 49 73
546 5 450
629 28 196
497 30 87
717 40 392
308 11 187
143 9 396
30 46 179
162 10 342
21 49 469
703 1 207
414 36 84
954 15 425
583 16 232
903 33 399
969 17 59
485 11 101
237 8 199
363 25 485
740 9 116
809 19 130
191 19 8
998 49 389
412 31 286
882 21 441
637 42 179
384 13 72
999 9 117
258 9 457
319 19 487
963 6 297
512 39 252
354 47 371
806 32 181
189 40 422
334 40 136
759 31 474
873 30 286
615 5 43
802 9 250
865 41 452
447 19 493
507 4 83
428 33 85
4 31 429
501 39 202
156 4 458
329 13 28
266 16 111
500 40 286
511 19 130
395 18 119
72 9 140
970 30 431
175 6 74
405 2 476
726 33 117
850 30 383
686 32 332
121 34 19
739 24 479
393 23 473
990 38 488
129 5 487
981 16 319
615 8 464
615 14 10
86 34 116
943 47 191
160 20 77
923 21 262
640 50 154
131 43 260
13 18 444
917 30 103
843 46 450
384 3 200
595 31 323
88 18 304
434 10 57
333 18 8
382 45 283
595 25 75
67 12 51
484 30 36
963 7 188
690 28 108
222 36 478
507 12 399
16 30 371
455 48 79
971 21 56
836 38 222
146 30 207
687 23 76
128 28 497
836 18 285
330 12 494
936 34 335
44 37 490
185 26 320
747 22 126
239 29 223
219 10 480
629 22 12
187 42 77
224 29 228
231 38 466
408 36 414
101 31 469
783 37 137
807 39 431
851 49 90
800 26 457
251 4 324
486 26 191
848 46 5
583 12 237
106 20 368
307 50 452
5 43 32
134 18 5
623 15 229
696 2 112
863 1 49
788 42 433
488 1 24
386 33 494
548 18 437
978 47 240
483 10 463
788 30 499
10 4 156
983 47 319
856 22 32
40 22 220
251 25 190
926 16 101
641 23 313
524 23 102
866 31 162
110 15 114
725 47 383
876 47 414
296 6 431
278 22 113
644 4 49
650 2 491
344 44 52
634 7 392
973 17 269
263 21 114
106 11 293
493 15 110
595 41 114
637 15 188
978 5 273
396 33 244
838 11 312
898 28 398
9 16 335
51 1 145
765 27 272
443 21 254
52 50 448
88 38 371
856 36 264
331 34 343
641 36 304
882 8 16
555 2 376
918 48 56
897 30 417
348 11 469
822 10 460
791 21 174
792 26 401
35 13 3
10 44 109
130 49 200
672 49 172
288 17 240
686 41 323
855 41 447
764 17 308
979 14 277
223 26 173
156 18 51
529 34 482
646 16 42
413 7 452
349 16 101
111 30 139
674 22 90
625 9 146
123 45 456
621 47 444
490 20 38
780 36 184
319 22 243
691 42 479
329 31 85
19 20 171
346 32 340
834 38 478
113 6 295
959 19 299
354 22 451
134 20 486
947 50 267
96 42 293
442 9 361
117 39 234
733 36 405
673 45 199
782 3 73
32 17 175
244 25 456
414 16 383
354 45 330
750 3 363
934 31 185
145 12 193
847 37 451
945 11 109
251 47 467
868 12 431
994 22 51
337 50 7
385 10 84
640 19 330
369 30 481
628 41 304
250 10 229
828 37 431
154 1 45
64 44 358
11 2 490
858 40 60
922 45 197
424 20 484
370 41 392
507 22 397
390 50 255
818 11 161
541 7 155
793 37 148
314 41 374
946 35 4
474 50 484
181 17 280
612 16 160
759 9 424
424 4 476
350 15 142
44 43 464
124 1 17
361 1 104
394 28 206
107 12 186
234 38 89
992 21 314
705 40 452
764 42 212
74 49 109
382 3 308
851 43 64
820 43 327
335 4 92
84 1 56
492 48 36
770 19 144
440 1 410
597 50 294
126 4 173
3 34 229
739 8 302
243 8 403
100 37 142
653 31 299
637 5 9
212 50 469
599 42 388
717 27 253
352 45 6
648 4 431
840 46 44
719 25 475
636 48 463
968 8 360
389 21 422
370 1 350
894 25 31
109 48 138
153 2 178
430 15 90
575 21 320
123 36 66
4 29 361
923 46 251
307 33 137
145 34 483
321 32 202
423 1 103
811 50 476
360 23 327
558 45 61
499 14 195
549 38 380
629 35 292
349 12 25
907 24 32
311 22 480
643 20 186
408 27 38
65 42 246
803 47 97
921 4 287
604 18 157
565 3 98
989 46 400
877 20 15
924 40 8
427 37 342
920 25 161
634 26 174
206 27 346
649 32 470
280 39 376
580 22 318
402 5 355
579 14 36
321 8 304
398 42 461
725 9 370
45 17 344
92 11 85
134 28 441
646 43 196
612 42 130
10 6 112
709 19 141
56 5 486
921 46 245
626 38 83
781 35 456
566 4 187
796 15 355
958 8 440
257 46 350
116 44 51
969 13 355
538 34 446
907 36 91
761 43 240
18 18 439
373 37 314
877 15 281
658 40 250
481 30 123
272 49 484
414 18 152
473 39 463
64 22 462
524 23 374
15 29 417
269 12 61
