1000 7 9
127 12 374
127 7 258
190 44 363
442 4 420
316 33 298
316 27 384
568 48 385
568 11 64
568 29 105
505 40 409
127 8 412
505 21 440
568 31 369
442 14 99
316 27 353
190 2 344
190 27 76
316 47 455
505 40 190
442 14 72
442 32 79
190 1 373
253 49 457
442 13 303
568 19 441
379 34 296
379 9 413
505 6 402
379 38 450
442 34 303
127 9 270
505 35 203
442 37 424
190 25 209
568 18 334
442 31 105
190 3 172
568 29 396
442 37 415
64 11 193
505 7 122
379 16 357
316 7 72
64 41 198
442 34 317
568 11 54
316 34 452
253 41 205
64 29 493
190 36 312
442 25 162
316 32 81
505 43 67
379 3 340
190 19 125
64 40 248
505 44 147
568 23 354
190 23 291
190 8 171
568 14 107
505 15 250
127 21 197
505 44 200
442 36 436
316 39 243
64 41 316
442 36 497
253 12 153
190 8 245
316 45 355
190 9 320
64 3 148
253 12 479
64 47 470
316 29 66
190 4 468
253 30 154
190 47 472
127 3 437
568 18 170
505 40 418
505 1 255
568 30 451
442 11 16
64 48 275
379 50 43
568 32 425
316 27 280
442 28 431
64 2 233
379 29 277
127 37 111
505 18 247
64 1 381
505 21 32
190 39 5
127 43 124
127 38 11
64 21 352
568 35 49
505 31 353
253 19 404
127 6 218
505 29 378
505 21 234
505 25 267
316 1 144
64 33 101
568 2 156
127 26 92
568 21 390
505 18 475
505 49 208
505 31 233
253 4 447
379 11 103
568 12 10
505 31 189
379 36 107
505 17 488
568 12 132
379 14 388
316 19 447
190 31 320
505 26 127
190 32 167
64 40 193
253 43 192
253 29 242
190 24 136
64 38 30
64 2 409
64 26 278
379 18 301
127 21 287
442 36 122
253 1 359
253 42 135
505 47 277
64 10 269
190 49 450
190 46 404
316 44 197
442 9 407
127 11 86
505 12 465
253 31 487
316 38 410
64 9 36
568 49 66
379 13 345
253 18 318
127 29 484
568 2 187
190 24 437
505 29 421
127 40 194
190 40 472
568 21 193
379 46 205
442 10 156
568 11 381
379 18 316
64 19 64
64 22 433
190 19 408
316 36 234
442 42 166
127 5 41
568 50 29
568 12 403
316 16 258
127 16 109
127 49 16
64 44 165
64 14 459
442 41 129
568 17 143
316 13 52
442 49 168
127 41 427
64 32 318
316 41 408
442 8 339
190 30 371
316 30 230
64 1 323
253 9 458
253 27 228
505 43 146
442 1 425
505 1 176
253 32 91
505 38 206
64 20 60
379 14 166
316 27 474
127 34 104
127 11 240
568 9 75
190 32 449
505 21 461
505 32 316
442 3 382
316 15 41
316 50 192
379 19 387
127 1 455
316 27 404
190 9 426
505 22 499
379 31 6
64 43 186
568 21 356
190 45 216
253 27 291
127 15 14
190 27 39
316 5 341
505 14 472
568 32 393
505 38 246
190 39 432
442 1 320
64 43 13
127 6 10
505 12 104
505 8 300
568 44 85
379 37 125
190 45 133
64 3 233
568 36 22
316 23 396
253 45 423
316 3 280
379 23 489
442 29 208
127 50 183
190 2 471
379 38 176
379 42 466
64 11 55
379 24 126
568 37 8
505 23 238
190 35 61
64 49 58
190 13 340
127 22 180
253 38 136
316 39 206
190 42 77
568 31 9
64 22 495
316 23 302
379 43 473
316 41 362
442 8 243
379 34 249
127 50 90
127 8 51
253 13 456
316 9 443
442 20 152
127 9 34
64 18 248
379 20 233
253 13 407
442 8 76
316 40 200
64 29 235
64 32 372
64 26 356
379 25 116
316 3 75
568 49 86
127 9 223
442 14 66
127 32 115
190 20 257
190 35 61
568 2 335
190 49 96
379 40 376
379 20 265
379 2 366
190 16 314
127 28 36
316 48 202
442 47 453
190 16 121
316 6 309
379 37 341
253 25 162
64 21 2
379 10 204
127 45 126
190 24 439
127 41 212
442 30 114
253 14 168
190 33 295
379 16 106
127 47 289
505 34 252
505 38 278
253 5 229
190 32 117
253 35 267
568 17 488
568 47 243
505 19 114
379 45 303
253 12 70
316 25 86
127 28 121
127 46 236
253 17 112
316 32 436
253 9 361
316 22 344
127 33 367
442 16 312
568 19 185
127 37 173
190 36 27
442 42 419
127 14 493
190 21 125
505 13 33
253 41 33
379 45 161
316 45 248
442 3 180
505 46 222
505 16 22
442 21 329
253 28 78
568 37 168
568 41 91
568 33 162
316 2 458
442 40 270
190 47 411
568 33 13
253 46 417
64 31 449
190 31 54
505 21 261
64 6 338
316 14 192
253 24 417
505 25 167
316 36 115
190 48 31
442 42 68
442 25 26
64 13 246
379 5 252
379 50 387
505 10 454
253 19 444
316 24 136
316 21 414
568 17 216
190 19 294
379 33 181
316 3 467
316 36 360
568 30 298
442 6 269
316 27 53
379 31 292
190 17 217
127 9 432
379 6 142
64 40 164
190 13 4
316 12 300
253 29 221
316 25 91
190 3 84
568 26 385
442 28 219
568 10 329
568 41 463
505 33 217
442 40 409
253 1 256
316 16 108
253 14 249
253 14 291
442 37 246
505 7 182
316 50 338
64 33 127
379 28 224
316 36 2
253 3 363
379 17 197
442 3 472
316 40 452
253 48 7
442 26 195
379 44 445
316 1 29
127 34 449
316 10 66
568 1 92
568 29 19
505 11 175
442 15 395
379 45 88
379 45 305
379 34 448
316 41 35
568 8 50
190 1 213
127 36 206
316 18 115
190 15 439
379 21 492
64 35 12
442 22 361
316 45 12
127 16 398
379 4 486
190 16 373
316 17 116
64 14 492
316 2 66
253 48 275
64 23 30
253 30 327
316 30 422
316 23 193
316 32 1
127 21 49
568 9 144
568 27 220
442 4 24
253 14 238
568 22 231
190 21 197
316 31 474
190 13 314
127 24 253
253 50 98
64 11 111
379 16 351
568 11 310
568 29 63
568 13 439
442 9 208
253 25 339
316 34 307
127 2 245
316 40 48
442 14 256
64 17 429
253 42 16
568 6 75
379 6 60
568 21 225
505 29 493
127 20 150
253 29 203
127 1 162
442 7 156
568 7 322
190 29 206
505 25 430
127 47 324
316 37 158
568 6 111
64 34 49
379 21 35
127 29 110
253 42 84
316 23 187
568 42 88
505 28 364
127 40 326
442 4 430
253 25 248
568 11 133
568 22 423
253 6 472
253 25 212
190 45 132
568 31 352
316 23 265
379 5 112
505 19 284
127 26 106
442 32 348
253 29 102
253 20 176
127 4 281
190 25 336
127 32 486
316 46 376
127 32 399
316 32 380
190 9 449
64 35 54
316 3 71
253 32 140
127 14 334
505 38 139
568 3 148
64 46 167
568 32 408
190 4 336
442 4 421
253 40 70
505 44 50
253 11 314
505 30 112
505 28 149
253 47 274
190 34 7
442 26 123
568 33 246
64 35 125
253 19 198
505 20 312
442 1 299
316 14 96
127 8 378
568 42 324
379 9 62
505 21 343
505 43 299
253 44 379
568 22 144
505 43 195
253 34 386
379 37 159
127 3 194
505 48 79
505 48 343
190 17 267
190 1 97
379 49 251
253 26 244
442 13 136
253 20 220
190 28 114
64 45 265
379 9 313
190 32 316
505 22 190
442 9 331
316 47 268
64 21 168
253 20 321
442 38 499
568 48 94
127 50 203
127 25 296
442 10 225
379 42 169
316 11 79
442 50 147
190 50 266
568 27 89
442 25 301
253 34 285
379 48 370
190 41 448
190 18 435
568 7 341
568 16 90
442 10 119
316 36 297
64 14 327
505 10 406
505 34 225
64 1 152
190 9 498
190 24 63
64 43 492
505 40 333
316 1 357
505 46 126
64 7 331
127 40 170
379 16 385
505 15 433
190 8 207
442 15 231
568 45 181
568 26 322
379 30 386
568 18 361
64 44 46
379 25 197
568 35 374
442 21 156
379 47 271
64 4 118
568 16 285
442 26 286
127 33 330
127 48 193
64 38 317
316 47 432
316 18 269
64 45 88
127 32 358
64 23 185
127 16 387
379 41 260
127 10 431
316 34 78
253 11 274
127 50 259
568 49 397
505 46 234
64 26 146
127 23 100
568 16 452
190 12 476
505 36 16
253 38 156
127 49 498
253 7 190
190 37 177
64 37 366
253 21 467
379 3 355
127 14 199
64 32 483
190 44 226
190 14 5
568 17 129
379 15 500
64 47 332
379 32 305
568 15 379
568 6 69
190 7 210
442 29 325
190 9 461
253 10 227
253 31 499
379 12 218
316 43 350
505 15 210
190 16 329
190 8 251
253 26 194
505 46 229
505 10 117
379 45 417
190 21 345
568 22 427
316 42 298
253 45 491
253 21 162
568 23 75
568 45 153
505 4 382
190 33 302
442 16 263
379 9 211
253 15 383
253 1 118
64 30 435
253 38 102
127 5 325
442 6 261
253 35 345
64 26 266
253 26 491
505 24 112
190 38 181
505 26 236
442 12 154
505 43 493
64 2 415
253 3 343
568 40 124
379 10 494
64 15 44
127 1 186
568 20 110
190 41 159
253 48 239
190 15 259
442 23 452
442 39 82
379 29 256
316 45 247
127 40 455
190 47 419
127 31 84
379 12 105
505 17 103
253 3 85
127 31 201
127 33 485
379 46 67
442 24 482
379 48 376
64 36 460
127 39 318
190 34 165
379 22 373
316 47 89
442 43 152
505 35 166
253 38 162
568 43 439
505 39 207
316 17 31
127 33 385
505 45 195
505 11 304
568 40 198
505 17 56
316 22 82
127 11 213
127 41 497
442 46 83
379 5 399
253 24 293
316 28 167
379 50 169
127 47 183
64 24 22
505 8 350
127 1 103
190 22 50
316 11 120
442 50 287
316 14 238
442 42 31
379 18 260
505 21 198
568 34 20
64 17 215
316 3 464
505 16 161
316 24 291
127 41 462
64 11 2
505 45 315
568 6 67
568 24 91
505 9 70
505 13 331
568 49 42
379 44 115
568 9 70
64 27 292
442 48 382
442 27 219
253 44 477
568 14 105
379 41 342
190 4 42
253 27 473
442 32 377
190 4 248
316 27 213
190 50 82
442 21 348
316 7 28
190 11 56
190 30 271
64 47 152
127 37 362
505 47 186
127 25 65
127 46 315
64 7 95
568 29 371
568 26 58
379 38 100
190 28 347
190 26 95
64 29 237
64 12 46
379 20 294
505 47 36
64 34 411
505 45 17
379 24 385
568 12 324
442 7 457
568 19 95
316 28 279
127 12 44
127 3 266
379 33 326
253 46 2
568 48 461
190 22 124
64 29 195
568 18 244
568 42 264
505 5 21
568 15 204
127 29 439
64 47 58
253 16 343
442 23 88
568 34 57
379 42 290
379 21 239
64 8 340
64 6 420
127 7 175
190 35 56
442 40 42
568 23 10
442 24 299
442 19 428
316 42 466
127 29 226
127 42 465
505 15 469
127 18 113
127 50 132
568 41 191
568 1 130
316 34 165
316 34 299
442 21 267
568 5 415
190 8 251
379 12 480
190 4 124
127 24 240
505 5 420
505 16 294
505 44 347
253 44 247
253 23 459
379 49 109
190 37 212
253 38 165
379 40 381
190 49 84
442 36 207
442 14 451
379 24 472
442 31 432
190 4 387
127 19 132
316 1 369
64 21 114
316 13 109
379 29 360
442 10 196
64 21 406
64 36 230
568 47 49
190 7 278
505 7 63
442 9 47
442 34 70
190 15 142
190 38 35
127 47 47
568 4 117
127 13 430
505 30 323
253 18 476
442 44 292
568 9 169
64 22 319
253 5 236
253 9 496
253 18 149
253 33 224
379 27 454
316 10 483
316 44 243
64 20 83
442 24 36
253 38 225
190 45 311
568 7 68
442 27 411
316 31 362
568 28 191
127 47 499
505 33 190
568 24 239
253 36 41
568 26 99
568 12 457
379 13 194
190 49 304
442 15 465
442 28 474
64 26 368
505 12 424
190 7 180
379 1 410
127 21 122
442 28 273
64 34 243
127 6 170
568 13 32
442 46 94
442 7 419
568 14 290
253 48 243
505 26 99
190 4 95
379 47 15
64 33 153
316 34 101
379 49 462
127 40 344
442 39 300
568 8 303
64 46 61
379 45 6
505 30 360
127 38 450
505 27 267
190 48 329
568 47 153
190 5 430
568 44 38
568 14 144
568 9 293
190 4 28
64 23 115
568 45 369
64 13 430
253 41 212
253 43 209
127 17 442
568 49 249
568 35 443
568 2 379
190 37 437
316 10 227
64 29 342
442 25 45
64 45 474
568 20 118
379 47 185
505 11 41
127 8 164
190 37 449
568 33 476
316 30 211
190 19 366
442 24 123
316 1 437
442 36 450
568 3 350
253 14 410
379 28 48
253 46 422
64 49 117
379 36 68
379 21 92
190 29 253
568 11 45
64 46 39
64 38 25
190 45 174
442 42 393
505 19 467
379 27 483
127 24 281
442 6 436
64 13 233
568 29 5
379 12 107
442 43 48
442 45 194
253 37 13
379 46 109
568 34 335
442 23 297
64 4 33
64 8 257
253 33 94
442 30 454
253 9 370
316 3 290
316 19 386
64 20 410
64 2 449
64 2 242
64 42 149
379 12 224
379 40 470
253 4 281
