900 10 7
583 1 499
666 1 498
16 1 498
362 1 497
33 1 497
680 1 496
498 1 495
663 1 495
125 1 495
987 1 495
746 1 494
944 1 494
985 1 494
545 1 494
85 1 494
615 1 494
298 1 494
917 1 494
33 1 493
250 2 492
733 2 492
573 2 491
262 2 491
852 2 489
500 2 487
112 2 487
274 2 487
837 2 486
384 2 486
117 2 486
353 2 485
903 2 485
933 2 484
974 2 484
208 3 484
65 3 484
63 3 484
411 3 483
164 3 482
689 3 481
839 3 481
443 3 481
412 3 480
402 3 479
586 3 479
142 3 478
584 3 478
14 3 477
182 3 477
982 3 477
52 3 477
732 3 475
33 3 475
635 3 475
957 3 474
194 3 473
848 3 472
477 3 472
926 4 472
230 4 471
680 4 471
220 4 469
743 4 468
782 4 467
789 4 467
668 4 467
427 4 467
736 4 466
797 4 466
925 4 465
701 4 465
859 4 464
720 4 463
262 4 463
7 4 462
812 4 462
927 4 461
761 4 461
782 4 460
733 4 460
181 4 459
650 4 459
557 4 459
551 4 459
38 4 459
473 5 458
172 5 457
209 5 456
427 5 456
767 5 456
876 5 456
57 5 456
991 5 456
525 5 455
490 5 454
46 5 454
882 5 453
503 5 453
718 5 453
152 6 453
39 6 453
344 6 453
344 6 452
991 6 452
139 6 452
311 6 452
966 6 451
825 6 451
941 6 450
535 6 449
931 7 448
64 7 448
516 7 448
453 7 448
679 7 447
671 7 445
810 7 445
850 7 445
143 7 444
964 7 444
907 7 444
296 7 443
465 7 443
529 7 443
761 7 443
786 7 442
335 8 441
533 8 441
800 8 440
883 8 439
429 8 439
64 8 438
241 8 437
233 8 436
480 8 436
339 8 434
813 8 433
610 8 433
157 8 433
653 8 433
472 8 432
844 8 431
620 8 431
691 8 431
695 8 430
867 8 429
927 8 429
335 9 428
727 9 428
507 9 426
674 9 425
569 9 425
468 9 424
406 9 424
33 9 424
3 9 423
130 9 423
911 9 422
360 9 422
613 9 422
396 9 422
53 9 421
523 9 421
337 9 419
335 9 419
131 9 417
403 9 417
642 9 417
129 9 416
300 9 415
658 9 414
950 9 414
883 9 413
740 10 412
59 10 412
530 10 412
185 10 410
673 10 410
185 10 408
700 10 408
362 10 407
872 10 407
658 10 406
219 10 406
272 10 405
845 10 404
439 10 404
594 11 404
150 11 403
882 11 402
867 11 402
692 11 402
481 11 402
320 11 401
197 11 400
514 11 400
332 11 400
308 11 399
228 11 398
848 11 398
804 11 397
264 11 397
759 11 396
77 11 396
756 11 396
114 11 395
638 12 395
985 12 394
822 12 393
258 12 393
928 12 392
593 12 391
831 12 391
733 12 390
618 12 390
637 12 389
886 12 388
735 12 388
8 12 386
451 12 386
353 12 386
85 12 386
11 12 385
325 12 385
339 12 384
544 12 384
679 13 384
245 13 383
246 13 383
454 13 383
456 13 382
800 13 381
449 13 380
418 14 380
720 14 380
728 14 380
494 14 380
492 14 380
576 14 379
740 14 379
59 14 377
339 14 377
113 14 376
610 14 374
634 14 373
526 14 373
453 14 373
341 14 372
807 14 372
530 15 372
903 15 372
393 15 371
326 15 371
614 15 370
460 15 370
899 15 370
343 15 370
306 15 369
20 15 369
670 15 369
831 15 368
318 15 366
121 16 366
56 16 365
892 16 364
431 16 364
51 16 364
747 16 363
780 16 363
916 16 363
805 16 363
79 16 361
411 16 361
30 16 360
576 16 360
229 16 360
807 16 359
582 16 359
153 16 359
534 16 358
377 16 358
713 16 357
706 17 357
209 17 356
571 17 356
494 17 356
650 17 355
236 17 354
808 17 354
281 17 353
257 17 352
962 17 348
189 17 347
24 17 346
645 17 345
555 17 345
762 17 344
217 17 344
474 17 344
1 17 344
836 18 344
646 18 343
401 18 342
926 18 342
634 18 342
689 18 342
752 18 341
307 18 341
82 18 341
290 18 338
706 18 335
292 18 335
560 18 334
192 18 332
346 18 332
207 19 330
898 19 330
420 19 329
41 19 329
339 19 328
827 19 328
761 19 328
210 19 327
821 19 327
410 19 327
695 19 325
438 19 325
533 19 324
526 19 324
871 19 324
946 19 324
887 19 323
872 19 323
64 19 322
665 19 322
117 19 322
509 19 321
160 19 321
318 20 319
19 20 318
359 20 318
622 20 317
570 20 316
27 20 314
687 20 314
276 20 313
134 20 312
294 20 311
816 20 311
819 20 311
46 20 310
827 20 310
635 20 310
622 20 309
706 20 308
250 20 306
451 20 305
768 20 305
338 20 304
234 20 303
204 21 303
714 21 302
134 21 301
864 21 300
757 21 300
732 21 300
103 21 300
97 21 299
999 21 298
29 21 298
205 21 298
814 21 297
73 21 296
518 21 295
110 21 295
238 21 294
490 21 294
448 21 293
136 21 293
850 21 292
810 21 292
126 22 291
251 22 291
170 22 290
141 22 290
381 22 289
686 22 288
805 22 286
36 22 285
775 22 285
852 22 284
861 22 284
833 22 284
383 22 283
819 22 283
49 22 280
360 22 280
856 22 278
825 22 278
788 22 277
669 23 277
294 23 276
963 23 275
651 23 275
694 23 275
341 23 275
995 23 274
139 23 274
502 23 272
728 23 272
653 23 272
777 23 269
786 23 268
530 23 267
246 23 266
243 23 266
563 23 265
569 23 265
898 23 264
491 23 263
561 24 261
352 24 260
697 24 260
388 24 260
729 24 260
387 24 259
292 24 258
893 24 257
379 24 256
710 24 256
666 24 256
651 24 256
474 24 255
382 24 255
714 25 255
476 25 254
888 25 253
433 25 252
684 25 250
29 25 250
166 25 250
425 25 250
48 25 249
388 25 249
53 25 249
251 25 247
922 25 247
338 25 246
660 25 246
326 25 246
361 25 246
944 25 244
382 25 244
127 25 243
275 25 242
138 26 242
839 26 241
97 26 238
31 26 238
737 26 238
691 26 237
818 26 237
246 26 236
155 26 236
163 26 236
289 26 236
54 26 236
157 27 236
693 27 236
492 27 235
349 27 235
376 27 234
542 27 234
934 27 233
726 27 232
489 27 232
831 27 232
956 27 231
267 27 230
851 27 230
577 27 229
721 27 228
664 27 228
967 27 228
567 28 228
775 28 227
503 28 227
747 28 225
727 28 225
518 28 225
718 28 223
225 28 223
68 28 223
290 28 222
353 28 221
726 28 221
51 28 221
428 28 220
900 28 220
491 28 220
999 28 220
763 28 219
530 28 218
816 28 218
315 28 218
467 28 218
299 28 216
940 28 216
52 29 215
939 29 215
805 29 214
178 29 214
241 29 213
284 29 212
898 29 212
653 29 212
919 29 212
310 29 211
802 29 210
27 29 210
885 29 209
781 29 208
893 29 206
56 29 206
985 29 205
304 29 204
495 29 204
994 29 203
110 29 203
474 30 203
920 30 201
777 30 201
579 30 201
937 30 200
927 30 200
97 30 200
336 30 199
236 30 199
531 30 199
696 30 198
863 30 198
666 30 198
525 30 198
66 30 198
549 30 196
629 30 195
669 30 194
741 30 193
876 31 192
534 31 192
447 31 190
374 31 190
846 31 188
418 31 187
953 31 186
250 31 186
48 31 186
169 31 186
949 31 184
633 31 184
265 31 184
335 31 184
862 31 183
292 31 183
189 31 183
564 31 182
520 32 182
239 32 181
938 32 181
806 32 181
489 32 181
458 32 180
846 32 180
390 32 179
693 32 179
49 32 178
739 32 178
632 32 177
331 32 176
84 32 175
209 33 175
435 33 174
554 33 174
969 33 174
862 33 174
65 33 174
662 33 173
804 33 173
92 33 172
417 33 171
861 33 171
856 33 169
223 33 168
472 33 168
929 33 168
976 33 168
561 33 167
526 33 167
178 33 167
511 33 167
372 34 167
772 34 165
289 34 164
973 34 163
692 34 162
355 34 162
459 34 162
978 34 161
686 34 160
583 34 160
768 34 160
997 34 159
417 34 159
987 34 157
479 35 157
982 35 157
144 35 157
295 35 156
240 35 156
690 35 156
256 35 154
228 35 154
853 35 154
324 35 154
756 35 153
279 35 152
294 35 150
608 35 149
419 36 149
84 36 149
944 36 149
635 36 147
907 36 147
738 36 147
161 36 144
766 36 144
948 36 143
668 36 142
506 36 142
825 36 142
611 36 140
24 36 140
585 36 139
789 36 139
873 36 137
992 37 137
442 37 137
762 37 136
856 37 136
822 37 136
34 37 135
7 37 134
498 37 134
77 37 133
784 37 133
879 37 133
109 37 133
882 37 133
360 37 133
16 37 132
735 37 130
169 37 130
462 37 130
688 37 130
866 37 129
620 37 129
467 37 128
56 37 128
635 38 127
463 38 127
734 38 126
50 38 126
61 38 125
190 38 124
58 38 124
159 38 124
598 38 124
639 38 123
272 38 122
377 38 122
370 38 122
197 39 121
641 39 120
295 39 119
420 39 119
585 39 119
794 39 118
767 39 118
966 39 118
637 39 116
53 39 116
901 39 115
8 39 114
355 39 114
896 39 114
634 39 113
381 40 112
119 40 112
628 40 111
160 40 110
758 40 110
254 40 110
291 40 109
938 40 109
257 40 108
86 40 107
279 40 107
368 40 107
250 40 107
988 40 106
371 40 106
303 40 105
852 41 105
917 41 104
905 41 103
127 41 103
323 41 103
476 41 102
792 41 102
319 41 101
785 41 100
634 41 100
782 41 99
563 41 98
492 41 96
428 41 96
650 41 96
973 42 95
273 42 95
590 42 93
55 42 93
842 42 93
391 42 93
534 42 92
334 42 91
979 42 91
290 42 91
227 42 90
763 42 90
107 42 89
290 42 89
683 42 89
105 42 89
953 42 88
711 42 87
220 42 86
549 42 85
507 42 84
91 43 84
330 43 84
44 43 83
178 43 82
517 43 81
735 43 81
162 43 80
77 43 79
381 43 79
585 43 79
864 43 78
902 43 78
289 43 77
14 43 76
353 43 75
272 43 75
187 43 74
322 43 74
137 43 74
746 43 73
980 43 73
713 43 73
67 43 72
309 44 72
354 44 71
896 44 70
701 44 70
697 44 69
617 44 69
461 44 68
154 44 68
70 44 66
352 44 66
263 44 66
812 44 65
942 44 64
507 44 64
839 44 64
155 44 64
432 44 63
953 44 63
174 44 63
359 45 62
823 45 60
937 45 60
137 45 60
406 45 59
113 45 59
878 45 59
248 45 59
994 45 58
755 45 58
124 45 58
156 45 58
754 45 57
658 45 56
669 45 55
566 45 54
443 45 54
844 45 54
429 45 52
108 45 51
171 45 51
333 45 50
958 45 50
990 46 49
306 46 49
278 46 49
145 46 48
279 46 48
790 46 46
927 46 46
426 46 45
223 46 44
945 47 44
669 47 44
326 47 44
125 47 43
489 47 43
495 47 42
308 47 42
234 47 42
348 47 40
762 47 40
269 47 40
401 47 39
669 47 39
277 47 39
353 47 39
970 47 38
807 47 38
406 47 37
520 47 37
981 47 37
469 47 36
331 47 36
497 47 36
172 47 35
876 48 35
629 48 35
810 48 34
618 48 32
382 48 32
959 48 31
253 48 31
703 48 30
428 48 29
388 48 29
484 48 28
437 48 27
47 48 27
70 48 26
817 48 25
717 49 24
123 49 24
459 49 23
12 49 21
98 49 20
912 49 20
770 49 19
673 49 19
600 49 16
646 49 16
356 49 16
837 49 15
397 49 14
916 49 13
421 49 12
533 49 12
789 49 11
517 49 10
289 49 10
203 50 10
164 50 9
840 50 9
475 50 9
710 50 9
932 50 8
843 50 8
129 50 7
149 50 7
862 50 5
604 50 5
372 50 4
97 50 4
581 50 4
235 50 4
195 50 3
636 50 2
670 50 2
286 50 1
606 50 1
