100 5 8
281 3 420
161 25 367
201 1 409
201 20 78
241 2 473
241 9 71
161 12 332
161 29 10
321 16 352
281 15 101
321 15 452
321 4 18
41 3 400
281 26 349
201 46 179
121 50 150
241 23 6
161 1 146
81 20 117
201 39 116
281 7 94
121 48 76
281 29 297
161 2 276
121 13 360
121 19 47
281 12 443
161 42 415
321 4 485
41 12 493
161 3 216
241 36 407
361 4 74
281 24 27
241 14 471
121 36 237
81 47 391
201 35 174
321 5 394
81 17 267
241 37 14
241 15 180
41 30 308
361 50 465
281 46 390
161 17 411
241 34 270
321 36 311
121 46 450
81 43 109
281 28 330
41 39 154
161 37 379
161 12 99
201 24 121
201 29 38
281 31 494
241 45 332
281 10 313
41 22 420
361 2 168
81 5 438
161 46 410
281 24 16
361 18 175
81 25 293
321 35 126
321 41 309
81 14 82
361 6 163
241 14 180
361 7 392
201 6 365
321 5 440
121 20 366
321 14 399
281 11 96
81 21 18
241 19 371
201 10 296
41 16 175
161 15 41
281 17 200
281 36 439
161 49 206
81 49 26
241 4 463
121 19 486
281 36 394
161 32 297
241 10 406
241 45 211
361 10 71
161 17 462
121 8 282
121 34 207
241 35 235
361 28 57
121 27 364
161 42 366
