350 1 10
866 20 205
216 35 109
318 19 186
112 6 419
430 3 46
32 7 228
677 34 142
810 33 232
154 42 265
638 6 476
712 45 447
812 22 287
161 27 92
353 33 418
938 23 29
383 41 369
59 40 15
727 36 233
170 20 277
740 38 339
684 41 66
635 49 53
18 49 249
181 46 395
949 46 449
682 1 295
919 21 66
513 34 206
406 48 195
981 17 441
733 43 302
669 47 92
726 8 229
472 42 453
187 28 326
574 39 388
177 35 330
129 5 338
986 6 195
940 18 448
20 36 162
636 46 242
165 29 34
529 18 304
94 45 228
746 31 7
334 41 230
503 23 232
934 41 266
730 5 166
958 19 235
320 7 484
404 50 84
143 27 110
479 16 16
536 20 427
661 14 468
73 37 15
495 32 338
893 48 412
816 42 436
287 3 326
995 24 465
824 7 216
103 36 121
457 3 98
942 16 304
52 17 239
628 15 173
59 48 20
748 27 157
963 33 191
41 15 329
733 19 411
424 37 210
472 14 54
587 44 18
272 14 39
86 20 154
184 32 368
76 9 470
531 10 409
838 41 125
930 9 191
842 45 58
83 42 149
550 18 60
638 15 248
160 33 451
920 30 96
371 22 209
483 36 84
639 33 353
595 39 265
923 34 278
345 16 144
625 27 28
541 2 225
290 48 316
149 34 22
820 40 154
299 46 127
600 33 204
835 25 160
191 29 107
573 50 150
795 6 419
879 22 259
363 37 50
318 39 296
966 22 31
780 28 253
816 10 435
405 26 368
158 11 470
646 7 430
122 24 141
250 6 483
741 37 430
524 24 245
175 21 401
772 48 33
396 35 259
669 21 262
855 14 38
766 6 193
658 33 150
700 17 395
312 34 131
41 46 80
148 19 462
111 29 491
596 15 107
380 21 111
736 16 53
121 35 195
624 18 142
145 9 116
763 43 404
736 42 333
467 33 295
641 19 128
506 24 465
441 28 141
80 30 314
822 39 293
81 15 68
952 35 207
481 42 29
496 22 488
862 18 84
653 46 174
265 2 300
353 33 26
657 40 331
632 5 406
581 32 119
387 33 300
635 47 316
238 39 121
592 7 116
762 28 138
184 20 382
932 41 80
609 18 137
35 34 372
386 34 408
408 19 146
298 15 388
3 45 319
539 45 463
512 45 83
662 8 78
436 11 203
159 44 287
778 39 185
551 16 397
681 20 259
420 24 9
780 3 488
674 35 406
467 34 124
751 11 338
837 12 44
537 48 331
971 7 199
868 25 411
552 4 304
980 29 411
263 5 144
202 35 473
665 10 351
204 28 156
594 44 187
481 23 8
657 39 407
270 39 335
116 7 317
617 49 431
636 46 22
55 20 399
456 3 125
800 29 411
971 38 244
696 22 286
723 43 443
447 19 294
508 29 232
80 5 354
698 44 119
434 18 130
205 40 79
386 42 191
884 38 106
931 4 67
800 22 411
235 45 279
902 33 93
234 23 206
753 16 96
721 30 251
118 42 242
907 37 160
588 26 257
266 18 4
294 35 12
964 32 215
234 41 394
751 49 195
986 24 276
993 35 312
146 7 362
956 20 485
996 29 142
782 20 199
901 47 366
198 26 92
276 40 470
992 33 336
82 43 188
249 45 227
645 24 119
480 28 135
352 38 186
700 44 213
769 10 279
286 14 419
211 9 246
538 13 286
647 23 490
158 1 191
735 40 499
799 18 18
651 7 198
506 8 366
528 38 358
796 17 215
75 32 223
812 16 149
258 31 119
529 3 81
153 3 175
270 46 111
933 6 60
445 11 361
564 12 168
984 19 81
817 48 184
971 23 44
576 12 110
285 46 172
824 50 281
292 42 154
790 9 429
330 27 440
697 21 448
36 42 480
446 18 471
788 43 139
49 36 329
572 12 378
456 4 373
358 48 143
973 32 327
907 39 489
994 36 23
52 46 142
491 7 418
776 42 421
851 8 178
230 50 444
911 41 137
903 31 59
614 26 75
292 20 123
513 42 300
982 43 487
2 26 169
403 16 87
44 21 90
36 43 37
846 45 341
746 14 199
394 15 128
702 43 194
9 25 277
932 36 341
188 18 424
503 39 431
943 50 70
642 4 422
630 36 157
923 28 286
846 17 111
235 13 315
128 20 297
631 9 64
152 27 415
995 47 440
288 20 39
536 49 154
828 4 81
446 35 422
387 46 63
373 48 311
381 34 467
224 8 492
163 32 255
459 15 376
883 38 208
259 36 58
658 24 331
308 48 252
504 29 151
67 23 311
477 28 384
436 13 288
578 37 401
249 38 106
229 27 216
657 39 495
478 42 120
554 27 88
375 1 374
20 31 353
862 48 290
140 45 337
668 35 50
682 41 250
913 35 492
