900 5 1
822 50 1
926 50 2
915 50 2
776 50 2
904 50 3
649 50 3
736 50 3
414 50 4
961 50 4
340 50 4
392 50 4
527 50 4
305 50 5
450 50 5
631 50 6
844 50 6
802 49 6
811 49 7
720 49 7
939 49 9
591 49 9
221 49 10
525 49 11
152 49 11
582 49 12
603 49 13
456 49 13
672 49 14
611 49 14
593 49 14
476 49 14
953 49 14
651 49 15
818 49 15
21 49 16
326 49 16
42 48 16
897 48 18
145 48 19
919 48 20
465 48 20
459 48 21
529 48 21
652 48 22
527 48 23
942 48 25
600 48 25
66 48 25
139 48 26
675 48 28
783 48 29
543 48 29
764 48 29
758 48 29
459 48 30
887 48 31
125 47 31
518 47 32
140 47 33
416 47 35
679 47 35
976 47 35
234 47 36
195 47 36
29 47 38
158 47 38
78 47 38
553 47 38
478 47 38
805 47 39
274 47 39
101 47 39
651 47 39
900 47 40
942 47 40
457 47 40
926 46 44
872 46 44
928 46 45
400 46 45
322 46 45
444 46 46
255 46 46
754 46 47
165 46 47
726 46 47
349 46 48
294 46 48
703 46 54
709 46 54
894 46 54
417 46 55
13 46 55
255 46 56
713 46 57
717 46 57
759 45 57
926 45 57
514 45 58
406 45 59
978 45 59
754 45 59
73 45 60
589 45 60
386 45 60
362 45 61
643 45 63
175 45 64
800 45 64
764 45 64
58 45 65
296 45 65
540 45 65
756 44 65
924 44 65
633 44 66
783 44 66
969 44 67
309 44 67
633 44 67
288 44 68
659 44 68
658 44 69
407 44 69
425 44 70
185 44 70
923 44 71
701 44 71
413 44 72
183 43 72
236 43 72
208 43 75
832 43 75
644 43 75
241 43 75
668 43 75
635 43 77
529 43 79
323 43 80
460 43 80
858 43 81
422 43 81
202 43 83
696 43 83
412 43 83
807 43 84
745 43 84
223 43 86
71 43 86
459 43 86
241 43 89
396 42 89
429 42 90
397 42 90
27 42 90
285 42 91
223 42 91
259 42 92
926 42 92
349 42 92
4 42 94
180 42 94
233 42 95
620 42 96
197 42 96
415 42 96
925 42 96
900 42 97
433 42 97
502 42 97
130 41 98
884 41 98
296 41 99
537 41 99
461 41 100
58 41 101
695 41 101
719 41 102
723 41 102
145 41 102
495 41 102
448 41 104
604 41 104
242 41 104
249 41 105
853 41 105
366 41 105
287 41 106
850 40 107
969 40 107
829 40 107
451 40 107
831 40 107
385 40 108
788 40 108
965 40 108
198 40 108
990 40 108
731 40 108
539 40 108
728 40 110
652 40 110
974 40 111
506 40 111
446 39 112
771 39 112
813 39 113
540 39 113
791 39 113
994 39 114
669 39 114
763 39 114
884 39 114
67 39 114
810 39 114
409 38 115
945 38 115
689 38 115
767 38 115
466 38 116
64 38 116
31 38 116
236 38 117
89 38 119
755 38 119
330 38 120
179 38 121
696 37 122
141 37 123
934 37 123
847 37 124
627 37 124
925 37 124
111 37 125
897 37 125
203 37 126
944 37 127
758 37 128
528 37 131
304 37 131
67 37 134
83 37 134
652 37 134
272 37 135
738 37 135
737 36 136
608 36 138
836 36 138
712 36 138
717 36 139
289 36 141
674 36 142
779 36 144
816 36 145
415 36 146
365 36 146
587 36 146
260 36 147
96 36 147
504 36 148
447 36 148
771 36 148
299 36 151
426 36 151
123 35 151
403 35 152
39 35 152
874 35 154
762 35 155
294 35 155
145 35 155
908 35 156
892 35 157
158 35 157
788 35 157
716 35 158
869 35 158
78 35 159
24 35 159
879 35 161
634 35 161
195 35 162
865 35 162
450 34 163
920 34 163
505 34 164
323 34 164
674 34 164
851 34 165
66 34 166
791 34 166
402 34 166
688 34 167
945 34 168
645 34 168
698 34 168
823 34 169
285 34 169
542 34 169
708 34 170
464 33 170
41 33 170
876 33 171
187 33 171
977 33 171
80 33 172
552 33 172
812 33 174
305 33 174
38 33 174
416 33 175
447 33 176
484 33 177
377 33 178
131 33 178
414 33 178
124 33 179
798 33 179
418 33 180
699 33 180
480 33 181
560 33 182
301 32 183
505 32 183
99 32 183
924 32 184
63 32 184
673 32 185
732 32 186
320 32 186
104 32 187
269 32 187
86 32 188
513 31 189
989 31 189
440 31 189
723 31 190
20 31 190
309 31 191
276 31 191
450 31 192
60 31 192
554 31 192
14 31 192
1 31 193
162 31 193
50 31 193
564 31 193
553 31 193
179 31 194
674 30 194
502 30 194
821 30 195
851 30 196
926 30 196
546 30 196
446 30 196
183 30 197
127 30 197
697 30 198
167 30 198
16 30 199
897 30 199
400 30 199
831 30 199
428 30 200
496 29 200
657 29 200
96 29 200
750 29 203
431 29 203
791 29 203
283 29 203
229 29 204
284 29 204
9 29 205
622 29 205
875 29 205
747 29 205
181 29 206
276 29 206
20 29 206
502 29 206
78 29 207
119 29 208
294 29 208
366 29 208
216 29 210
356 29 210
967 29 211
272 29 211
680 29 212
314 28 212
346 28 212
247 28 213
545 28 213
929 28 213
148 28 215
769 28 215
89 28 215
587 28 218
715 28 219
209 28 220
778 28 220
114 28 220
397 28 222
273 28 223
132 28 224
94 27 224
630 27 224
962 27 224
431 27 225
176 27 225
660 27 226
578 27 226
15 27 227
825 27 227
845 27 227
1000 27 227
408 27 227
416 27 228
352 27 228
998 27 228
281 27 229
612 27 229
121 27 230
548 27 230
589 27 230
582 26 232
429 26 232
741 26 233
276 26 233
505 26 235
821 26 236
8 26 237
968 26 237
889 26 237
400 26 237
814 26 237
803 26 237
542 26 238
881 26 239
66 26 240
438 26 240
763 26 241
32 25 242
642 25 243
325 25 243
975 25 244
748 25 244
713 25 244
230 25 245
984 25 245
198 25 246
70 25 246
72 25 247
294 25 248
809 25 250
660 25 251
55 25 251
155 25 252
621 25 252
103 25 252
790 25 252
365 25 253
722 25 253
224 25 253
910 25 253
6 25 254
386 25 255
829 25 255
322 25 256
952 25 258
607 25 259
112 25 260
989 25 261
992 25 263
428 24 263
434 24 263
147 24 265
46 24 265
272 24 267
380 24 267
213 24 267
510 24 267
589 24 268
258 24 268
912 24 268
342 24 269
206 24 269
837 24 269
589 23 269
564 23 270
454 23 270
387 23 270
226 23 271
196 23 271
518 23 271
988 23 271
95 23 272
859 23 273
102 23 274
692 23 276
974 23 276
691 23 277
925 23 278
32 23 278
617 22 279
579 22 279
644 22 280
719 22 281
967 22 281
225 22 282
372 22 283
438 22 283
761 22 283
527 22 284
32 22 285
48 22 285
591 22 285
896 22 286
493 22 286
881 22 287
440 22 288
661 22 288
997 22 288
29 22 289
230 22 290
57 22 290
539 22 290
289 21 290
368 21 291
709 21 291
833 21 291
669 21 292
249 21 293
856 21 294
102 21 295
165 21 295
118 21 296
847 21 296
971 21 296
331 21 298
476 21 298
109 21 298
812 21 299
523 21 299
975 21 300
391 21 302
92 20 302
331 20 302
216 20 302
191 20 303
609 20 304
380 20 304
478 20 305
602 20 305
142 20 306
681 20 306
117 20 308
8 20 308
911 20 308
947 20 309
788 20 311
640 20 313
351 20 313
406 19 315
792 19 315
134 19 315
582 19 316
52 19 316
446 19 316
954 19 317
271 19 317
372 19 317
950 19 318
333 19 319
509 19 320
783 19 321
715 19 322
610 19 322
21 19 323
783 19 323
799 19 324
599 19 324
142 19 325
227 19 325
907 19 326
79 18 326
13 18 326
915 18 328
403 18 329
350 18 330
189 18 330
413 18 331
944 18 331
368 18 332
572 18 333
626 18 333
688 18 333
190 18 335
473 18 336
553 18 336
888 18 336
646 18 336
482 18 337
125 18 337
793 18 338
54 17 339
90 17 339
21 17 339
560 17 339
412 17 340
822 17 340
288 17 341
424 17 341
965 17 341
352 17 342
26 17 342
266 17 342
776 17 343
205 17 343
232 17 345
60 17 345
718 17 346
74 17 346
316 16 347
664 16 347
609 16 348
708 16 348
165 16 349
3 16 350
102 16 350
284 16 351
63 16 351
710 16 352
456 16 353
976 16 353
66 16 354
961 16 354
66 16 355
863 16 357
809 16 358
435 16 358
433 15 359
77 15 359
802 15 359
142 15 359
804 15 360
708 15 360
509 15 361
792 15 362
337 15 362
484 15 362
458 15 362
196 15 362
637 15 364
369 15 365
292 14 366
415 14 366
535 14 366
994 14 367
932 14 367
974 14 368
681 14 368
938 14 369
579 14 369
908 14 370
372 14 370
999 14 370
895 14 371
834 14 371
112 13 372
1000 13 372
673 13 372
999 13 374
629 13 374
252 13 375
97 13 376
495 13 378
96 13 380
149 13 380
7 13 380
536 13 380
965 13 380
884 12 381
695 12 381
591 12 381
686 12 382
86 12 382
96 12 382
329 12 383
493 12 383
451 12 384
137 12 385
966 12 386
996 11 386
279 11 388
152 11 388
103 11 388
998 11 388
833 11 388
473 11 389
208 11 391
609 11 392
354 11 393
407 11 393
889 11 394
491 11 395
256 11 395
114 11 396
422 11 396
350 11 397
624 11 397
637 11 397
367 10 398
130 10 398
457 10 398
706 10 398
769 10 398
237 10 399
21 10 400
5 10 401
691 10 401
873 10 401
979 10 402
922 10 402
549 10 402
330 10 402
95 10 402
379 10 403
451 10 403
434 10 403
284 10 403
258 9 405
623 9 405
620 9 405
968 9 405
712 9 406
780 9 406
25 9 407
533 9 407
728 9 407
911 9 408
498 9 408
535 9 409
74 9 410
728 9 410
306 9 410
721 9 411
319 9 411
687 9 412
527 9 414
714 8 414
14 8 415
105 8 415
766 8 415
430 8 416
490 8 416
417 8 416
872 8 416
559 8 417
152 8 417
355 8 417
108 8 418
250 8 419
64 8 419
684 8 419
586 8 419
814 8 419
199 8 420
653 8 422
897 8 422
862 8 423
942 8 423
742 7 423
710 7 424
984 7 425
156 7 425
224 7 427
363 7 427
854 7 428
995 7 428
379 7 429
815 7 429
474 7 430
457 7 430
942 7 430
535 6 430
663 6 431
877 6 431
524 6 432
473 6 432
962 6 434
683 6 434
27 6 436
864 6 436
895 6 437
478 6 437
137 6 438
25 6 438
96 6 438
289 6 438
527 6 438
241 6 439
240 6 440
571 6 440
911 6 441
273 6 442
454 6 443
364 6 443
258 6 444
503 6 444
197 6 445
272 6 446
450 6 446
234 5 446
304 5 446
119 5 446
894 5 447
833 5 448
227 5 448
455 5 450
900 5 451
561 5 452
165 5 453
439 5 453
720 5 455
410 5 455
449 4 455
264 4 455
819 4 455
868 4 456
315 4 459
610 4 461
807 4 461
683 4 462
760 4 464
24 4 464
854 4 465
740 4 465
294 4 466
89 4 466
907 4 467
387 4 467
498 4 467
36 4 468
112 4 468
667 3 468
433 3 468
895 3 468
270 3 470
577 3 471
838 3 471
900 3 471
628 3 471
589 3 473
914 3 473
353 3 473
638 3 473
77 3 473
538 2 474
714 2 475
654 2 475
104 2 475
954 2 477
285 2 477
576 2 479
324 2 479
439 2 481
666 2 481
352 2 483
917 2 484
107 2 484
173 2 485
790 2 485
459 2 485
865 2 486
954 2 488
361 2 488
966 1 488
335 1 488
115 1 488
858 1 489
257 1 489
20 1 489
600 1 491
887 1 491
576 1 491
415 1 491
996 1 492
280 1 493
423 1 494
623 1 496
568 1 496
758 1 498
16 1 498
281 1 499
951 1 499
263 1 499
