400 7 3
324 50 499
781 50 498
447 50 494
574 50 494
281 50 494
593 50 491
83 50 491
482 50 490
993 50 488
367 49 488
713 49 488
808 49 485
217 49 484
490 49 484
344 49 483
340 49 482
124 49 479
808 48 478
760 48 477
909 48 474
570 48 473
423 48 472
775 48 469
107 48 469
694 48 468
67 48 466
532 48 463
667 47 460
236 47 459
187 47 458
435 47 458
139 47 456
925 47 456
67 47 455
702 46 455
953 46 454
496 46 454
516 46 454
492 46 453
926 46 452
503 46 451
24 46 451
584 46 449
800 45 449
827 45 447
442 45 446
329 45 441
61 45 439
293 45 437
834 45 434
113 44 433
339 44 431
339 44 429
622 44 428
37 44 428
84 44 428
547 44 426
284 43 423
800 43 423
743 43 420
6 43 419
539 43 416
628 43 415
826 43 414
932 43 412
578 43 412
926 43 409
347 42 408
728 42 407
432 42 406
21 42 405
798 42 405
151 42 403
315 42 403
990 42 400
280 42 397
827 42 396
228 42 393
959 42 392
659 42 391
502 42 390
255 41 386
94 41 386
506 41 385
925 41 384
728 41 384
445 41 384
444 41 384
804 41 382
121 41 378
933 41 370
653 41 369
568 40 366
872 40 366
212 40 359
768 40 359
788 40 358
197 40 358
453 39 357
201 39 357
75 39 355
258 39 354
178 39 350
646 39 349
198 39 348
835 39 348
544 39 348
902 39 346
411 38 346
828 38 340
926 38 339
370 38 338
755 38 337
914 38 337
755 38 334
408 38 331
334 38 331
945 38 331
748 37 330
918 37 328
462 37 326
101 37 326
455 37 320
827 37 318
676 37 315
573 37 315
832 37 313
361 37 297
930 36 293
233 36 292
925 36 292
943 36 291
942 36 291
412 36 290
367 36 289
739 35 289
704 35 289
604 35 288
480 35 288
741 34 287
473 34 286
766 34 286
947 34 285
702 34 283
56 34 283
175 34 281
372 34 280
183 33 280
65 33 277
910 33 275
957 32 275
622 32 274
556 32 271
877 32 271
890 32 269
483 32 269
128 32 267
309 31 267
619 31 266
921 31 266
554 31 264
625 31 264
907 31 264
913 31 263
462 31 261
595 30 260
545 30 259
704 30 258
456 30 258
915 30 257
562 30 256
200 30 256
608 29 256
158 29 254
873 29 252
908 29 251
368 29 251
363 29 250
373 29 249
452 29 249
67 29 249
673 29 247
949 29 247
697 29 246
507 29 244
268 29 243
666 28 241
842 28 240
575 28 239
430 28 238
369 28 235
589 28 234
751 28 234
186 28 231
452 28 228
490 27 228
350 27 228
492 27 226
396 27 225
625 27 223
843 27 223
484 27 223
396 27 223
572 27 223
428 27 222
625 27 222
325 26 221
719 26 220
872 26 219
370 26 216
530 26 216
635 26 214
662 26 214
655 26 207
511 26 207
370 26 205
279 26 204
927 26 203
763 26 199
604 26 196
669 25 195
547 25 195
799 25 194
592 25 194
575 24 194
271 24 193
266 24 192
895 24 191
906 24 191
537 24 191
530 24 189
419 24 187
637 23 186
618 23 183
25 23 182
133 23 179
409 23 179
1 23 178
850 23 178
59 22 178
691 22 176
439 22 176
438 22 173
151 22 173
256 22 172
77 21 171
256 21 171
45 21 170
828 21 169
521 21 168
25 21 167
5 21 167
838 21 166
888 21 165
464 20 165
270 20 164
891 20 164
725 20 163
842 20 163
596 20 163
574 20 162
599 20 162
393 20 161
664 19 160
905 19 159
985 19 157
365 19 157
190 19 155
579 19 151
139 18 150
68 18 150
372 18 148
750 17 147
486 17 146
983 17 145
382 17 144
899 17 142
5 17 141
442 17 141
574 16 140
701 16 140
895 16 138
215 16 137
720 16 137
870 16 135
592 16 131
297 16 131
516 15 130
394 15 129
311 15 129
648 15 128
333 15 126
222 14 126
723 14 125
581 14 125
254 14 123
300 14 122
862 14 122
571 14 121
76 14 116
447 14 115
396 14 114
344 14 114
687 13 111
917 13 108
284 13 108
663 13 108
618 12 108
285 12 108
773 12 107
612 12 104
314 12 103
110 12 102
156 11 102
923 11 102
939 11 101
114 11 100
313 11 100
693 11 99
565 11 98
990 11 97
474 11 97
464 11 93
694 11 93
519 10 92
503 10 91
177 10 90
313 10 89
770 10 88
925 10 88
465 10 87
572 10 86
767 9 81
558 9 81
385 9 79
183 9 78
275 9 73
773 9 72
851 9 69
72 9 69
657 8 69
63 8 69
423 8 67
140 8 66
693 8 65
221 8 63
375 7 62
112 7 61
205 7 59
110 7 59
552 7 57
797 7 55
996 7 55
474 7 54
485 7 53
178 7 51
619 7 51
809 7 50
969 7 50
171 7 50
590 6 49
57 6 49
369 6 49
735 6 47
905 6 46
870 6 45
724 6 42
200 5 41
869 5 40
660 5 36
208 5 34
932 5 34
203 5 34
73 5 33
714 5 32
8 5 31
316 5 31
862 4 31
696 4 31
507 4 31
170 4 29
411 4 28
295 3 28
1000 3 28
471 3 24
554 3 23
741 3 22
238 2 19
472 2 19
75 2 18
386 2 18
26 2 15
229 2 14
279 2 11
600 1 10
228 1 8
976 1 6
625 1 6
772 1 5
399 1 4
