800 4 8
161 47 72
65 29 167
257 35 156
289 27 436
161 37 262
257 12 237
257 32 492
97 35 219
225 8 363
161 34 94
33 6 260
129 12 341
129 32 138
193 21 479
289 7 401
289 4 269
289 5 247
33 1 130
65 13 215
257 5 226
193 38 138
97 4 154
289 36 165
33 29 30
65 37 312
161 29 12
129 33 468
65 43 237
129 38 97
289 6 118
33 10 124
289 4 49
193 23 101
225 32 292
97 5 180
225 12 21
33 17 281
129 36 183
161 4 322
129 41 404
65 37 478
289 8 100
33 15 90
65 24 62
33 25 148
289 1 221
33 16 304
225 37 427
257 21 185
161 13 20
289 22 206
161 29 88
161 30 424
97 17 397
161 7 248
193 33 255
193 14 349
161 33 389
65 18 167
257 25 241
65 16 245
65 2 150
257 41 176
129 1 411
33 34 199
161 7 129
225 48 134
129 45 31
193 46 301
289 39 331
65 49 264
97 19 412
161 40 380
225 21 92
193 33 433
161 27 190
257 44 168
33 50 494
33 26 38
65 17 459
193 12 105
65 5 138
257 46 197
65 6 296
97 46 350
225 34 441
225 1 64
65 50 9
161 33 264
257 50 351
225 27 361
97 31 351
129 14 171
257 35 105
97 48 378
97 15 301
129 25 368
97 9 4
225 50 21
129 24 468
193 5 344
225 26 282
161 21 165
257 37 64
65 50 50
33 34 285
97 40 197
97 47 204
33 1 356
33 15 451
33 39 426
129 16 406
161 36 491
33 24 246
257 27 36
193 45 309
33 41 176
257 4 237
97 18 286
129 29 297
65 33 316
129 3 192
193 18 346
225 5 9
161 20 327
33 27 236
161 44 48
65 48 383
289 21 338
97 2 463
161 39 143
129 15 196
33 4 412
193 25 91
193 19 230
33 49 142
97 37 271
225 46 61
193 9 154
97 33 369
65 24 484
65 36 78
257 19 297
65 19 287
193 15 188
129 35 466
257 39 339
225 23 304
33 21 10
289 27 34
33 9 221
193 27 329
257 24 225
225 26 333
33 27 294
97 48 208
161 20 291
129 26 242
129 31 318
97 50 341
193 9 308
65 17 140
33 27 74
289 31 380
129 25 239
129 35 434
257 40 431
97 45 488
289 12 355
97 22 126
33 34 308
33 7 433
65 50 274
225 21 46
289 4 346
193 24 114
161 20 358
161 49 468
289 15 290
257 4 109
161 24 248
257 32 391
129 25 218
193 21 35
289 47 15
65 24 262
161 3 133
97 5 259
257 8 17
257 32 367
257 36 185
97 42 92
97 12 455
65 10 72
33 41 320
33 45 32
161 24 230
97 19 96
193 34 163
129 23 301
33 44 195
97 39 214
97 49 267
225 26 91
161 48 360
225 24 260
33 49 134
161 38 123
97 7 420
161 41 34
225 41 365
161 13 351
129 35 381
97 31 333
225 3 476
257 8 294
65 31 251
97 9 118
129 15 223
33 44 419
161 35 259
161 35 120
193 2 225
193 36 226
289 31 46
161 36 203
289 13 256
33 47 232
225 19 304
193 13 104
257 42 174
97 31 277
193 5 237
289 16 167
225 30 275
65 33 500
193 32 455
289 31 239
97 46 16
33 30 86
65 23 135
33 47 405
97 47 104
97 1 387
225 47 90
33 46 475
289 22 480
193 13 94
225 27 160
33 36 479
225 31 408
33 42 148
33 23 2
225 29 13
289 45 165
257 40 385
65 8 145
289 17 269
129 27 41
97 1 83
97 33 68
193 12 7
161 35 201
257 43 180
257 28 143
225 33 246
161 4 172
225 36 439
97 23 27
289 50 112
193 41 117
193 1 139
193 13 129
193 4 157
129 22 236
161 34 497
97 30 203
161 3 121
33 38 1
129 48 451
257 32 150
97 4 132
289 37 400
225 36 461
97 24 297
193 30 313
129 4 197
33 50 288
33 24 4
257 7 402
129 14 325
65 15 10
289 40 369
161 33 240
97 25 376
289 35 99
161 44 457
97 14 343
33 3 70
33 26 26
33 5 431
193 7 114
97 19 272
289 6 303
193 9 433
289 34 406
257 44 179
161 43 248
161 27 460
65 13 4
33 50 132
257 33 138
225 32 397
225 6 220
193 11 79
161 6 363
65 48 79
65 34 76
65 32 351
257 11 27
97 18 172
97 17 90
193 26 211
65 9 325
257 42 384
193 24 59
257 43 194
33 10 172
193 26 309
257 42 358
289 9 421
97 15 94
129 5 9
257 40 457
129 44 402
225 30 144
257 16 431
33 12 439
129 29 50
289 22 93
97 42 68
225 13 175
129 44 148
97 32 453
161 40 494
65 47 452
129 35 29
257 10 390
161 23 439
65 13 42
225 40 80
65 6 462
257 35 48
161 40 413
257 14 371
65 37 487
97 11 29
33 17 105
65 20 256
97 24 153
289 13 105
225 19 283
225 35 77
129 21 206
193 41 391
129 10 38
33 4 394
33 20 8
193 19 284
193 21 82
65 14 250
161 35 259
161 48 120
161 40 190
289 47 346
33 35 138
225 3 316
161 10 345
289 26 66
289 7 269
257 32 250
225 6 404
193 40 238
33 41 102
97 38 360
97 21 339
193 46 33
65 20 453
65 13 283
225 36 453
257 1 397
97 39 401
129 49 104
257 30 2
97 29 114
65 14 80
65 34 162
289 5 160
161 27 81
193 1 126
97 1 27
257 6 430
33 7 309
257 39 7
161 49 412
289 19 318
65 2 6
193 20 68
33 12 43
289 40 177
289 37 355
65 34 229
97 33 320
257 50 290
129 8 205
161 23 213
193 25 477
129 43 91
193 18 296
129 31 138
257 3 44
257 41 152
97 12 466
97 4 8
161 45 27
161 45 242
289 42 93
33 10 377
289 31 434
289 12 176
161 36 283
33 48 34
225 31 280
257 7 430
257 50 156
193 23 309
225 18 272
257 42 19
289 11 475
193 5 371
289 16 492
129 20 281
193 44 86
161 5 462
225 6 368
97 17 175
97 47 248
193 8 477
225 33 102
289 39 431
289 13 326
97 18 492
193 41 162
97 1 413
225 36 490
33 8 98
97 7 185
225 21 245
225 4 468
65 45 460
225 16 478
65 23 361
225 30 463
257 18 449
193 6 19
161 37 224
97 18 400
129 14 281
33 16 476
33 47 151
33 8 401
65 25 399
289 46 378
193 39 245
97 43 344
257 41 251
97 31 128
161 20 251
97 30 344
289 40 481
65 1 343
193 46 5
129 34 482
33 17 181
97 27 146
225 47 361
161 26 322
97 47 219
65 31 22
65 46 489
65 11 256
129 18 455
289 3 423
257 22 320
129 18 433
257 11 425
161 9 145
129 49 382
289 47 175
129 12 134
225 7 283
225 42 13
289 25 65
65 2 381
257 47 465
129 12 337
193 40 494
129 42 405
161 34 354
33 33 427
65 48 484
33 2 385
129 40 276
33 18 410
97 22 124
33 38 165
65 15 472
257 49 362
289 10 193
193 17 3
193 31 110
33 33 232
65 29 238
97 32 3
129 37 449
161 6 383
257 14 170
97 39 480
129 36 277
97 36 205
65 41 423
257 13 377
193 3 266
289 38 338
161 12 451
33 46 131
257 19 406
33 22 69
225 47 306
33 18 484
257 36 131
257 31 394
33 10 333
129 11 393
161 37 178
257 15 26
225 2 300
129 5 369
65 43 463
129 12 47
193 25 376
289 30 215
289 27 386
33 1 452
129 6 24
129 2 27
129 21 12
129 25 169
289 31 438
161 8 401
193 36 15
289 33 65
129 16 466
161 30 17
225 39 497
33 14 452
257 2 50
289 38 391
33 7 111
65 17 109
161 7 393
225 45 255
161 3 67
129 2 12
257 26 19
97 27 153
129 32 288
161 46 118
289 49 106
97 26 421
161 9 397
33 33 309
289 11 422
97 7 178
225 38 44
97 17 18
97 39 407
129 6 201
65 35 252
97 8 351
257 2 80
161 23 315
97 46 224
289 43 474
257 19 114
161 18 108
129 50 288
97 4 158
289 44 182
257 11 72
257 8 318
97 3 36
65 6 44
33 19 187
33 49 301
129 27 58
193 3 496
129 50 186
33 20 226
97 47 392
65 32 246
257 6 121
97 16 300
257 34 119
161 21 64
65 29 332
161 36 31
289 10 390
225 29 72
129 4 210
289 20 132
97 26 431
289 33 45
193 13 157
129 29 279
97 15 124
225 24 433
289 7 235
289 6 178
161 3 1
97 25 197
225 39 186
161 30 147
97 13 264
33 42 121
161 24 208
129 50 442
129 6 363
225 14 419
33 45 315
33 34 252
33 21 233
257 33 188
257 39 276
97 20 145
33 16 438
193 44 118
289 30 373
65 20 480
33 13 116
129 2 141
129 12 73
289 15 377
161 19 421
129 2 448
161 47 176
193 25 340
97 50 411
257 27 289
257 16 265
257 12 236
33 49 360
33 1 148
193 44 73
129 6 220
161 19 19
289 30 390
257 14 17
193 46 463
257 37 392
225 39 94
161 42 479
289 5 199
225 42 208
129 12 336
257 46 23
257 9 327
289 33 412
97 47 362
225 38 169
161 47 313
97 11 108
161 48 444
129 25 415
161 28 27
65 19 280
257 24 222
129 50 449
97 13 383
33 17 247
33 41 497
289 36 172
161 22 254
257 40 156
161 23 306
257 8 13
33 28 415
225 10 331
65 24 473
97 11 371
193 27 393
65 28 320
33 35 97
289 7 420
193 28 154
257 29 119
225 50 411
33 40 477
225 46 96
129 15 372
225 29 279
257 14 464
225 20 21
193 21 154
225 21 499
289 2 252
289 10 290
33 40 16
225 13 430
65 11 453
257 3 17
33 19 280
33 4 388
193 1 73
257 5 52
129 49 500
33 34 336
129 34 399
161 14 259
33 23 294
33 22 352
193 35 30
161 37 351
225 11 459
33 11 421
97 11 282
257 40 241
33 6 397
65 38 211
193 1 131
33 6 154
257 8 235
289 42 111
97 39 303
161 35 420
33 46 210
225 39 280
129 8 143
33 43 274
97 8 182
33 29 97
289 12 366
161 7 445
65 47 69
193 42 220
33 17 51
225 25 382
161 46 48
161 39 301
161 49 381
289 11 237
97 42 157
97 39 253
225 35 473
193 5 27
289 28 314
97 43 330
289 13 215
161 36 377
65 34 489
129 24 461
129 6 413
97 41 474
289 27 444
33 27 471
257 43 149
129 21 79
225 29 187
289 15 10
225 6 406
289 20 50
257 13 293
65 40 126
97 32 338
33 17 31
225 34 264
193 38 60
225 39 439
193 29 439
33 4 265
129 12 402
257 17 321
225 32 79
193 43 280
289 3 62
289 7 77
289 31 123
193 35 261
97 36 287
193 19 496
