850 5 7
141 13 326
246 37 379
141 46 280
246 37 384
141 3 414
246 34 104
36 39 294
176 24 274
316 21 157
141 5 381
246 28 272
316 30 354
176 30 145
141 9 294
106 44 53
316 8 260
211 22 321
246 18 344
211 49 38
71 42 104
246 23 73
141 8 271
281 34 166
71 26 263
36 27 149
36 5 332
211 14 168
176 16 61
176 9 88
281 48 289
211 46 429
71 17 87
211 26 479
71 1 86
71 7 307
281 49 59
246 3 12
141 16 56
246 14 308
246 41 382
211 42 58
106 9 298
36 8 92
176 29 142
176 50 211
246 33 209
211 47 389
211 16 42
71 15 100
106 31 272
36 45 392
36 13 332
176 48 437
106 1 388
176 34 73
316 29 125
211 40 204
246 46 377
211 9 357
211 26 232
106 14 253
246 1 356
71 3 105
316 44 82
246 4 442
281 46 286
246 28 451
211 19 166
71 8 49
316 47 342
176 37 44
316 43 461
141 49 383
281 34 34
36 30 436
106 10 208
106 22 326
176 14 294
106 36 187
211 1 126
106 6 250
71 31 71
246 2 49
141 45 17
176 23 122
281 49 272
106 9 310
106 38 237
36 27 442
71 2 48
141 40 196
71 8 156
36 5 3
71 2 84
316 41 172
246 35 345
141 47 106
281 46 203
106 24 441
281 41 145
211 50 377
316 43 400
176 44 303
71 46 152
141 9 408
281 30 219
36 45 177
211 22 397
281 20 448
141 29 116
176 17 374
176 48 368
71 43 119
281 10 421
316 27 118
106 13 308
246 33 64
316 42 31
316 11 443
141 15 246
71 48 414
211 23 461
281 22 382
141 12 225
281 15 48
211 24 130
316 30 195
246 7 17
141 26 120
316 27 285
176 2 28
141 24 411
71 42 241
211 6 155
36 14 217
246 26 363
71 8 358
246 25 443
316 41 26
36 15 157
71 6 64
176 35 341
36 11 204
106 1 216
106 44 440
211 32 174
211 6 274
141 14 205
106 22 16
36 39 17
176 14 296
246 6 309
141 15 493
246 33 409
281 48 381
211 39 355
141 18 17
176 43 494
71 11 386
211 9 449
176 46 387
246 20 360
71 27 184
106 48 110
176 32 283
141 32 46
246 15 198
71 15 441
211 35 341
316 29 328
246 26 256
316 11 268
71 49 97
316 45 366
246 4 275
176 24 371
316 47 121
141 12 402
211 24 62
281 22 344
281 28 492
106 25 329
106 50 487
71 35 325
246 45 255
211 35 354
281 29 219
71 27 38
176 42 286
106 29 267
316 22 233
281 33 478
211 4 484
106 24 361
141 1 37
176 32 344
281 16 176
316 16 14
281 23 261
316 40 462
141 11 160
246 44 105
246 39 209
106 41 446
71 47 1
106 37 27
141 38 304
246 47 9
281 19 357
246 5 418
316 4 52
211 38 277
316 18 41
316 37 324
246 49 86
176 25 190
36 5 347
281 10 94
36 12 304
141 47 266
246 37 276
176 29 318
316 21 219
36 1 107
71 11 258
316 21 366
281 41 52
211 9 31
71 47 412
176 30 463
316 11 328
36 18 194
141 24 348
141 39 399
141 31 335
281 34 463
36 35 419
176 49 243
106 35 291
141 46 469
316 38 405
106 37 421
106 19 230
316 4 32
141 42 39
246 29 78
281 47 335
106 6 353
106 28 441
246 16 424
36 27 50
141 4 167
246 25 181
71 6 178
246 40 309
246 19 77
141 9 458
71 9 273
36 24 280
211 14 321
316 29 455
71 35 268
176 37 81
211 39 270
176 49 220
211 18 248
141 24 398
176 47 438
176 3 3
36 6 455
316 1 320
176 5 267
316 32 4
176 43 174
106 5 367
141 37 353
71 4 398
176 17 446
316 6 423
106 45 217
176 25 170
141 5 228
176 41 403
71 18 496
176 13 94
211 16 73
71 30 319
316 19 307
211 37 80
211 33 113
316 31 25
211 20 407
316 42 297
281 42 174
316 42 472
36 18 498
246 17 97
246 42 50
211 48 136
36 11 129
316 27 261
106 49 379
316 13 294
141 32 348
71 34 243
71 29 275
211 29 308
176 31 444
246 32 414
141 8 25
176 19 421
106 14 315
176 30 293
246 12 298
316 37 94
36 4 195
246 4 468
316 14 148
211 31 17
141 47 77
211 16 391
106 41 314
106 45 264
281 34 433
141 31 191
106 49 141
246 29 175
36 26 213
106 42 194
211 17 407
141 1 439
36 21 166
281 25 5
246 34 258
71 23 382
281 29 475
211 7 405
316 15 40
106 41 335
281 35 20
176 26 120
141 3 22
176 5 288
71 37 234
36 18 443
246 11 334
316 33 448
316 30 18
71 35 281
211 11 90
246 42 239
316 7 452
141 14 195
141 37 352
176 25 384
281 19 343
316 20 467
281 11 356
36 44 324
71 41 31
141 25 440
211 3 401
71 36 258
246 28 331
176 37 254
71 37 141
316 25 228
176 32 160
36 31 315
176 40 427
106 15 211
281 45 275
36 49 478
106 34 382
106 43 103
176 3 146
36 14 120
246 15 396
71 46 331
211 30 459
71 36 478
141 43 453
176 8 104
316 8 71
106 34 309
36 50 455
281 14 89
246 41 449
106 9 350
36 1 368
211 49 417
246 46 400
141 23 110
176 27 451
246 26 149
246 36 254
211 2 482
246 29 355
211 21 280
141 16 288
281 7 460
36 50 493
141 7 345
71 31 55
211 6 85
316 45 393
71 5 111
71 34 352
71 46 243
316 32 113
176 38 449
176 35 240
176 31 480
106 30 418
176 16 341
246 37 335
281 37 221
36 7 384
281 18 307
246 5 471
246 36 245
211 15 233
316 9 52
71 13 238
106 41 129
281 45 25
211 5 205
71 39 196
141 33 240
106 13 489
211 23 33
176 44 70
316 14 465
36 36 323
106 33 478
246 6 289
246 45 270
176 33 30
141 24 420
211 1 424
316 8 365
141 42 228
71 47 430
36 12 342
246 16 497
36 35 61
316 1 154
316 16 83
211 41 370
316 24 22
211 48 319
246 33 93
141 28 218
141 37 22
106 36 421
211 50 454
36 9 448
36 48 368
106 25 497
141 40 325
211 26 312
71 6 91
71 17 337
106 50 235
71 9 101
106 30 100
36 10 163
176 4 349
246 20 175
106 35 471
281 14 109
141 11 364
211 25 141
281 30 109
176 27 252
281 30 453
36 12 75
176 33 301
36 3 51
141 16 95
176 31 224
281 49 452
71 41 240
281 2 306
141 40 19
141 20 52
36 20 386
211 10 54
176 2 92
176 49 126
246 11 25
316 23 421
106 23 47
281 14 225
71 12 278
211 5 122
141 9 277
281 32 344
176 22 191
211 37 140
246 21 266
246 45 225
281 9 496
211 24 314
246 5 111
211 43 96
36 48 233
246 30 153
106 14 9
211 14 75
316 9 271
141 13 12
141 36 49
141 15 124
281 25 282
211 46 364
71 31 118
316 33 266
316 37 277
211 25 397
71 11 224
106 40 465
211 15 234
211 33 400
246 12 471
211 1 226
211 6 1
281 29 399
316 8 29
176 47 491
246 12 219
211 10 68
36 50 257
36 8 431
176 29 119
246 50 178
211 4 481
246 19 309
211 1 32
176 9 378
246 45 6
211 11 162
281 19 28
141 5 37
71 28 338
316 12 370
106 17 462
71 48 258
176 43 216
316 40 306
71 39 455
211 4 68
36 12 85
141 29 464
246 16 158
36 4 390
281 19 385
36 12 279
211 15 349
71 30 75
246 8 395
141 8 249
281 33 354
176 30 429
36 26 174
141 45 219
176 42 71
281 37 239
281 48 464
316 16 388
211 46 422
106 26 356
36 23 136
141 39 55
141 17 176
141 1 266
106 6 98
36 3 252
36 33 119
316 26 31
176 17 50
246 40 414
281 22 408
36 41 246
281 28 395
176 2 95
316 39 163
141 37 295
141 45 181
106 38 191
106 45 196
246 29 242
316 8 338
71 15 186
281 22 124
316 5 137
211 38 163
281 20 318
36 20 252
141 11 405
106 19 491
281 9 454
36 32 449
316 16 82
36 26 89
246 36 242
246 5 275
36 3 40
176 9 170
106 14 475
246 9 73
36 31 396
211 32 11
211 23 382
71 17 252
106 6 459
176 38 237
316 34 154
246 48 253
36 40 2
141 2 103
316 9 139
316 22 320
106 34 78
281 9 332
316 42 299
71 41 373
106 33 119
176 25 162
176 21 235
176 36 169
36 32 89
281 45 263
176 28 498
316 16 175
106 14 418
71 14 307
281 4 46
246 36 267
281 30 123
281 49 377
141 23 472
36 35 108
176 47 237
36 12 386
71 49 447
281 30 126
211 41 44
71 30 207
246 43 65
71 22 358
246 46 229
36 25 123
316 34 259
281 49 382
281 22 161
176 42 378
176 16 254
211 5 425
211 15 231
176 3 205
211 41 151
211 44 260
316 50 66
106 2 31
316 16 292
211 27 232
246 13 111
106 20 269
316 34 368
246 36 422
36 46 110
106 23 388
281 19 290
176 23 1
36 11 438
316 21 5
316 44 461
106 25 343
36 26 484
71 9 227
106 3 29
211 44 484
246 18 414
71 2 258
141 15 206
246 36 166
141 49 291
106 4 315
71 37 229
246 2 325
246 21 264
281 18 238
246 25 470
211 18 67
106 13 268
316 22 401
211 9 376
141 48 250
316 4 164
246 16 315
316 15 164
211 43 46
36 43 201
211 10 430
141 7 365
316 10 135
316 20 467
141 13 386
316 16 312
141 26 115
281 15 164
71 38 486
176 20 244
36 31 342
176 21 199
106 27 258
211 21 269
106 3 491
36 1 87
211 9 459
106 30 363
211 50 12
246 41 340
71 38 124
211 9 207
316 5 367
71 29 408
246 11 493
211 23 118
316 11 355
281 19 466
141 24 112
246 3 474
246 3 280
246 7 369
211 42 401
281 41 205
211 50 254
106 29 452
106 30 115
176 47 83
246 21 258
106 41 147
211 35 154
176 50 148
211 32 309
176 20 98
246 1 336
246 25 448
176 2 343
71 16 437
176 4 307
106 25 401
36 27 259
36 6 281
211 42 246
246 28 151
281 14 227
211 42 89
316 23 416
211 7 298
71 13 226
211 43 205
246 45 266
71 26 449
176 34 203
211 2 333
316 40 85
106 41 290
36 30 155
211 15 421
36 49 15
176 34 55
141 5 160
211 28 370
106 17 11
211 15 500
246 48 132
71 14 20
36 32 116
176 43 31
281 27 460
141 20 122
211 6 335
211 48 209
71 10 40
281 12 376
71 37 278
106 27 6
106 39 253
211 4 288
106 6 21
141 26 469
106 21 487
211 42 122
106 23 276
316 7 373
36 43 302
176 24 25
141 7 23
71 50 496
281 11 253
36 45 162
36 23 342
141 26 183
141 8 428
246 35 156
36 31 192
106 36 96
246 43 347
71 34 313
36 24 415
36 9 285
281 19 91
211 19 437
106 47 294
246 36 336
316 33 77
211 44 325
176 8 219
246 32 455
36 29 3
141 10 284
106 31 117
281 40 485
36 34 55
246 7 471
316 48 266
246 25 332
106 4 368
71 49 270
281 4 171
246 24 88
106 26 20
176 6 62
246 38 279
106 4 293
141 34 451
281 4 497
316 41 70
281 21 276
281 12 298
176 35 173
281 11 155
176 40 166
141 22 227
71 3 51
316 39 233
316 38 243
