600 10 7
579 1 1
247 1 1
185 1 3
477 1 3
715 1 4
465 1 4
969 1 6
174 1 6
623 1 6
84 1 7
11 1 8
126 1 9
687 1 10
837 1 12
502 1 13
667 1 14
858 2 14
442 2 15
576 2 15
683 2 16
989 2 16
155 2 17
535 2 17
209 2 17
868 2 19
606 3 19
699 3 20
885 3 21
696 3 23
340 3 23
199 3 24
893 3 26
365 3 26
258 3 26
402 3 26
223 4 27
175 4 27
514 4 29
678 4 29
905 4 30
401 4 30
327 4 31
316 4 33
831 4 33
289 4 35
256 4 36
402 4 36
243 5 36
291 5 38
571 5 39
555 5 39
875 5 40
640 5 40
987 5 41
505 5 42
676 5 42
107 5 43
420 5 46
721 5 47
893 5 48
217 6 48
635 6 49
587 6 49
926 6 50
394 6 50
395 6 52
428 6 54
351 6 55
216 6 55
74 6 56
914 6 58
693 6 60
891 7 60
738 7 63
299 7 63
127 7 64
686 7 64
475 7 64
722 7 64
23 7 65
202 7 67
229 7 71
192 7 72
59 7 72
124 8 73
116 8 73
11 8 73
547 8 73
302 8 74
316 8 74
709 8 74
854 8 75
895 8 76
276 8 76
796 8 77
701 8 77
535 8 80
439 8 81
833 9 85
209 9 85
92 9 85
901 9 91
927 9 91
152 9 92
978 9 93
848 9 93
858 9 93
354 9 93
162 9 94
762 9 95
122 9 95
706 9 96
658 9 97
340 10 97
130 10 98
968 10 98
85 10 99
537 10 100
521 10 101
835 11 101
94 11 101
594 11 101
349 11 102
643 11 103
438 11 104
50 11 105
567 11 105
485 11 105
952 11 105
353 11 106
918 11 106
944 11 108
13 11 109
111 12 109
3 12 109
149 12 111
794 12 112
934 12 113
479 12 113
627 12 114
978 12 114
737 12 115
37 12 115
768 12 116
712 12 117
451 12 118
335 12 118
892 13 119
189 13 120
232 13 121
296 13 124
206 13 124
162 13 124
433 13 124
83 14 125
650 14 129
675 14 129
979 14 129
359 14 129
355 14 130
384 14 130
302 14 132
528 14 132
818 14 133
641 14 133
819 14 133
58 14 134
160 14 135
774 14 136
383 14 136
892 15 136
664 16 137
72 16 137
717 16 139
783 16 139
125 16 139
304 16 140
463 16 140
218 16 140
715 16 140
857 16 140
324 17 143
955 17 144
706 17 144
188 17 145
469 17 145
452 17 146
509 17 150
664 17 151
490 17 151
824 17 155
193 17 156
900 17 157
842 17 157
657 17 158
689 17 158
331 18 158
519 18 158
511 18 158
758 18 159
835 18 160
104 18 161
182 18 161
179 18 162
978 18 162
288 18 163
677 18 163
390 19 163
789 19 164
203 19 166
374 19 167
315 19 167
902 19 168
1 19 169
527 19 169
227 20 169
449 20 169
139 20 170
596 20 174
849 20 174
579 20 174
683 20 175
207 20 175
365 20 177
592 20 180
576 20 180
950 20 180
914 21 180
912 21 180
54 21 181
310 21 181
762 21 182
236 21 183
148 21 184
153 21 184
377 21 186
835 22 186
15 22 186
882 22 187
302 22 189
436 22 190
508 22 192
809 22 193
926 22 194
887 22 194
483 22 194
319 22 196
795 22 197
180 22 197
687 22 198
415 22 198
810 22 198
303 22 202
394 23 203
215 23 203
362 23 203
39 23 205
285 23 206
98 23 206
992 23 207
978 23 207
444 23 207
412 23 207
696 23 207
199 23 208
264 23 208
25 23 209
662 24 210
207 24 211
503 24 211
402 24 212
514 24 213
80 24 215
910 24 216
101 24 216
361 24 217
176 24 217
622 24 218
568 25 220
840 25 221
666 25 223
716 25 224
193 25 224
924 25 225
224 25 226
474 25 227
469 25 228
69 25 228
606 26 229
164 26 229
187 26 229
921 26 230
14 26 236
845 26 237
580 26 238
332 26 238
38 27 238
960 27 242
970 27 242
789 27 242
354 27 243
218 27 243
210 27 244
732 27 245
159 27 245
532 27 245
895 27 245
304 27 248
53 27 248
30 27 249
93 27 251
157 27 252
55 28 252
927 28 253
750 28 256
122 28 256
435 28 256
337 28 259
588 28 259
409 28 259
24 28 260
186 28 260
68 28 261
479 28 263
921 28 265
469 28 265
347 29 266
411 29 269
941 29 269
310 29 269
48 29 270
595 29 270
600 29 270
101 29 271
277 30 272
274 30 272
66 30 274
130 30 275
516 30 275
807 30 275
458 30 276
839 31 277
954 31 278
742 31 282
895 31 283
747 31 285
186 31 285
457 31 286
138 31 287
66 31 288
153 31 289
146 31 289
459 32 290
330 32 291
201 32 291
391 32 291
182 32 292
288 32 294
772 32 294
448 32 295
138 32 296
169 32 297
447 32 299
812 32 299
862 32 299
693 32 303
40 32 304
975 32 305
504 33 306
101 33 306
534 33 306
753 33 306
107 33 307
805 33 308
892 33 308
960 33 309
397 33 310
333 33 310
801 34 312
653 34 314
987 34 314
441 34 315
247 34 316
828 34 316
689 34 318
120 35 319
469 35 320
957 35 320
441 35 321
642 35 321
771 35 321
847 35 323
406 35 324
819 35 326
474 35 327
348 35 327
623 35 327
452 35 328
62 35 328
624 35 330
779 36 332
281 36 333
650 36 334
339 36 335
101 36 337
228 36 337
638 36 338
702 36 338
717 36 340
520 36 340
830 36 341
554 36 342
568 36 342
178 36 343
522 36 345
236 36 346
534 37 346
498 37 346
166 37 346
668 37 347
958 37 348
928 37 349
357 37 350
973 37 350
1000 37 352
680 37 353
743 37 354
175 37 354
14 37 355
432 37 355
372 38 356
880 38 357
856 38 359
65 38 361
115 38 361
705 38 363
619 38 363
272 38 364
196 38 364
476 38 365
133 38 365
201 38 366
135 38 367
812 38 367
119 38 368
25 39 368
903 39 368
917 39 369
511 39 369
938 39 369
486 39 369
242 39 371
825 39 372
300 39 373
685 39 378
469 39 379
538 39 379
814 39 380
976 39 380
272 39 381
993 39 381
251 40 382
869 40 382
531 40 383
619 40 384
913 40 384
583 40 384
991 40 386
233 40 386
454 40 387
51 40 387
7 40 390
7 40 392
651 40 393
462 40 393
582 40 393
851 41 396
186 41 396
457 41 398
931 41 398
912 41 399
556 41 399
954 41 399
577 41 401
471 41 402
867 41 402
960 41 402
539 41 403
665 41 405
822 42 405
731 42 407
477 42 407
491 42 407
75 42 407
645 42 409
829 42 410
919 42 411
934 42 411
145 42 412
952 42 413
179 42 415
528 43 415
695 43 416
409 43 416
416 43 418
579 43 418
664 43 420
349 43 422
280 43 423
897 43 423
612 43 425
626 43 425
469 44 428
221 44 429
118 44 431
950 44 431
162 44 433
561 44 433
553 44 433
363 44 435
345 44 436
150 44 436
610 44 437
384 44 437
681 45 439
538 45 440
25 45 441
867 45 443
728 45 446
852 45 446
148 45 449
482 45 451
837 45 452
787 45 453
378 45 454
65 45 454
27 45 455
364 45 455
138 46 456
53 46 457
747 46 458
627 46 460
133 46 460
327 46 461
553 46 461
832 46 462
654 46 462
612 46 463
504 46 464
482 47 465
685 47 466
50 47 467
605 47 467
482 47 467
746 47 469
509 47 469
733 47 470
86 47 470
108 47 471
88 47 472
316 48 473
942 48 473
94 48 474
503 48 474
467 48 474
275 48 474
538 48 476
768 48 478
357 48 479
835 48 479
622 48 479
402 48 480
414 48 482
778 48 484
848 49 484
109 49 484
89 49 486
74 49 487
854 49 487
793 49 487
692 49 490
923 50 492
262 50 492
147 50 492
810 50 493
997 50 493
959 50 494
674 50 494
101 50 494
146 50 495
555 50 495
672 50 496
397 50 497
113 50 498
713 50 498
68 50 499
562 50 499
541 50 499
91 50 499
452 50 500
