600 10 5
51 25 395
51 33 186
51 29 202
51 5 348
251 43 500
351 32 393
101 43 239
351 33 397
351 36 268
251 49 161
251 10 90
151 40 197
201 22 30
201 32 447
351 27 143
251 32 292
251 16 406
401 2 134
451 16 366
101 45 154
51 5 371
201 23 489
101 50 477
301 29 380
301 47 324
251 17 479
451 27 192
351 46 283
51 34 194
451 23 201
151 16 368
151 21 167
351 36 334
451 43 150
351 31 182
351 46 93
301 2 465
251 24 290
151 42 452
251 27 282
301 5 169
301 44 330
301 21 500
201 33 81
401 20 405
151 47 487
201 50 458
51 14 200
401 24 189
251 35 366
51 18 196
51 50 194
201 11 43
101 47 264
451 6 192
301 45 355
51 9 358
251 17 127
151 13 60
51 39 290
251 25 284
51 18 146
301 47 350
351 3 393
201 47 164
301 32 85
251 48 380
351 39 411
251 20 291
401 16 454
151 18 452
351 37 27
251 4 339
201 49 476
101 39 157
151 7 453
451 42 146
51 27 361
301 47 45
401 29 62
51 40 273
251 4 335
101 28 32
351 47 353
151 13 265
401 18 35
151 26 123
451 16 369
301 44 152
401 7 224
401 39 410
101 5 257
351 23 160
201 9 491
201 31 23
101 20 391
251 14 413
151 12 500
101 42 370
351 19 326
151 5 33
201 16 188
451 6 158
101 41 176
401 39 120
401 40 377
101 9 170
151 31 3
251 19 39
301 44 448
101 35 242
301 43 87
151 37 470
401 37 382
151 4 79
151 18 249
401 1 222
251 7 451
401 10 258
401 42 4
51 28 393
201 10 348
301 47 297
201 1 446
401 36 185
251 6 24
351 6 247
401 8 21
151 1 37
151 29 426
201 2 248
51 18 124
301 5 359
401 29 33
101 16 457
301 38 236
101 4 478
451 24 417
151 10 127
351 2 285
51 4 95
251 50 366
351 40 276
451 20 282
201 30 223
251 12 103
101 18 440
301 21 64
301 6 177
301 49 469
301 15 241
51 45 168
101 17 247
251 25 261
351 26 261
351 32 16
151 5 348
101 12 333
201 50 66
451 19 309
351 41 415
351 37 220
351 14 331
451 18 422
251 12 237
151 40 257
401 3 247
101 49 60
151 41 478
201 6 278
401 17 251
251 30 310
201 36 199
451 1 345
51 32 472
351 32 217
451 47 465
101 35 316
401 17 412
301 44 325
351 31 350
401 3 311
101 20 432
451 7 151
401 15 456
251 24 203
101 31 436
351 4 115
401 11 495
201 19 221
401 28 216
301 27 157
151 34 380
451 41 429
301 2 407
101 24 405
101 17 16
201 12 421
201 10 283
301 46 64
451 28 500
401 24 139
51 32 386
401 23 354
51 37 434
201 2 26
301 13 132
101 29 85
201 1 480
451 34 120
101 34 266
451 36 369
151 13 162
401 5 182
151 2 307
401 31 195
51 28 289
351 44 373
451 10 328
51 18 183
51 19 52
451 36 14
451 27 49
401 18 166
201 14 44
451 12 237
201 49 31
401 38 456
401 18 311
201 21 223
51 12 332
301 22 351
401 26 479
401 1 329
51 25 281
51 14 65
451 26 184
101 27 21
351 26 57
351 3 413
101 2 28
101 39 116
401 8 19
351 50 258
451 31 355
451 9 70
201 45 343
301 23 288
201 41 406
51 18 27
151 14 121
51 42 260
251 36 498
401 50 459
151 22 305
451 48 371
101 3 383
101 49 309
451 24 115
101 21 375
151 16 363
351 13 180
351 15 140
151 47 434
451 9 308
151 4 58
151 48 144
351 41 71
401 38 269
51 34 462
151 26 367
201 6 487
351 50 385
201 30 326
101 16 22
201 50 361
401 41 435
401 22 471
301 43 314
351 1 491
151 10 159
451 10 310
151 38 208
451 20 438
251 19 346
301 14 187
451 46 4
401 18 49
151 41 8
301 37 80
451 48 116
401 36 134
151 42 438
101 33 11
101 29 338
151 20 320
201 9 459
301 5 158
151 9 166
151 14 61
201 34 186
51 8 397
101 50 310
251 50 316
301 31 86
401 35 350
201 22 96
351 44 423
301 14 258
451 8 409
351 28 153
51 39 364
301 45 407
351 8 109
101 33 312
251 17 58
251 46 343
151 22 72
151 8 58
201 19 332
101 48 436
251 50 303
451 18 218
451 11 421
401 43 186
251 45 154
451 44 466
201 38 367
451 2 268
51 22 275
401 7 96
51 46 342
51 23 142
301 43 410
301 20 490
301 24 4
451 46 180
401 44 74
201 8 300
301 15 123
201 46 270
251 19 207
301 10 333
51 20 231
451 30 84
51 44 332
151 13 158
201 5 491
451 50 137
251 24 412
101 21 167
151 41 443
351 10 63
151 39 53
401 12 208
351 36 408
301 10 315
251 11 280
51 3 143
151 33 125
201 28 387
251 3 40
101 41 149
401 8 337
351 48 105
51 26 421
201 32 227
451 6 426
351 47 147
351 2 401
351 45 23
151 36 5
301 15 297
151 22 23
101 32 268
301 22 63
351 20 12
301 42 264
401 5 101
151 11 373
451 44 500
351 12 244
351 7 308
101 14 191
151 48 173
451 11 326
351 3 147
101 41 180
351 25 403
351 13 440
151 2 203
401 11 158
151 42 451
251 32 242
201 27 6
351 8 8
201 43 387
401 29 45
201 34 22
401 3 307
251 45 67
451 35 176
201 7 61
51 37 133
201 35 302
101 5 71
351 24 27
201 39 125
301 45 327
151 29 249
201 22 306
101 31 72
101 16 160
401 40 332
451 26 207
301 1 340
151 14 358
101 16 43
201 4 394
101 41 476
251 35 44
351 31 220
251 15 325
301 23 467
451 26 213
151 42 383
201 34 350
101 42 58
51 19 389
301 17 60
451 47 169
251 16 298
351 17 251
151 16 389
451 46 89
151 50 227
251 34 14
451 33 25
251 10 319
51 6 109
201 16 63
401 30 46
351 20 421
101 49 420
201 36 362
51 47 112
51 37 301
151 23 125
101 22 25
51 1 119
451 37 318
51 23 336
201 1 373
351 34 66
151 19 169
201 20 416
301 18 445
451 44 67
201 36 254
451 11 420
251 13 286
251 32 129
51 3 17
151 45 164
201 12 349
201 37 496
201 20 51
251 8 212
101 23 83
51 35 47
151 29 394
401 16 362
401 46 162
401 39 219
401 12 169
401 12 49
351 45 70
351 28 136
51 16 31
151 41 207
251 43 355
451 38 375
401 12 398
151 9 320
301 22 262
251 2 167
301 44 327
451 46 473
301 46 47
351 2 73
51 18 473
101 19 320
401 50 26
301 49 339
451 48 79
101 22 265
51 47 131
101 39 44
151 44 440
101 17 242
101 14 403
401 42 386
51 47 158
151 6 221
351 48 421
101 45 492
451 46 423
301 27 68
351 35 46
251 22 60
51 26 319
51 27 230
101 6 400
351 6 230
451 34 347
301 31 128
201 45 128
201 7 380
251 12 215
301 36 9
201 38 279
451 49 449
151 19 36
451 33 72
151 39 214
201 3 151
51 5 41
51 22 441
51 20 218
51 50 117
51 33 12
251 39 167
401 12 382
401 41 479
101 49 209
51 19 433
201 1 176
101 1 434
351 15 98
251 10 488
351 7 488
51 10 428
451 23 42
351 25 481
351 37 96
351 11 108
401 37 345
251 6 240
401 31 174
201 14 327
51 8 229
451 18 5
351 50 216
451 20 240
201 12 406
101 30 55
251 32 5
51 23 357
451 42 320
201 18 455
251 10 41
251 15 111
101 26 374
401 5 94
151 10 414
251 3 108
301 9 149
351 38 131
151 31 487
151 15 73
401 48 474
201 33 176
101 14 235
401 9 111
451 31 181
401 14 497
151 29 251
351 4 130
151 23 142
51 34 217
401 18 12
251 4 461
101 50 157
301 40 72
301 27 347
451 1 161
201 26 496
101 49 476
301 44 151
451 12 250
251 21 421
351 44 339
301 25 282
451 47 204
351 37 475
151 19 3
101 9 353
401 13 150
251 39 36
101 14 247
