1000 3 5
245 1 500
452 1 500
728 1 499
506 1 498
995 1 498
25 1 498
26 1 497
430 1 497
222 1 497
620 1 497
630 1 496
691 1 496
471 1 495
725 1 495
593 1 495
93 1 495
484 2 495
701 2 494
606 2 494
859 2 493
445 2 493
104 2 493
219 2 493
999 2 493
518 2 492
858 2 492
779 2 491
150 2 490
172 2 489
743 2 489
747 2 488
834 2 488
942 2 488
619 2 487
628 2 487
964 2 486
666 2 486
976 2 486
292 3 485
927 3 485
112 3 485
525 3 484
880 3 484
281 3 481
647 3 481
19 3 481
82 3 481
147 3 480
418 3 480
531 3 480
595 3 480
911 3 479
671 3 478
235 3 478
46 3 478
688 4 476
764 4 475
744 4 475
737 4 475
61 4 474
246 4 474
878 4 473
168 4 472
144 4 472
47 4 472
834 4 472
184 4 472
291 4 472
971 4 471
208 4 470
316 4 469
522 4 468
792 4 468
712 4 466
640 4 466
827 5 465
703 5 465
852 5 465
368 5 463
306 5 463
35 5 463
917 5 462
859 5 461
817 5 461
565 5 461
602 5 461
562 5 460
565 5 460
321 5 459
402 5 459
319 5 459
516 5 459
537 5 458
145 5 456
819 5 456
426 5 455
892 5 455
695 5 454
48 5 454
106 5 453
691 5 453
614 5 453
760 5 452
865 6 452
424 6 452
306 6 452
336 6 451
15 6 450
611 6 449
491 6 448
229 6 448
239 6 447
546 6 447
285 6 447
473 6 447
326 6 446
372 6 445
129 6 445
506 6 445
32 6 445
930 6 444
156 7 444
8 7 443
413 7 442
666 7 441
309 7 441
624 7 441
851 7 440
666 7 439
92 7 439
881 7 439
565 7 438
590 7 438
254 7 438
442 7 438
481 7 438
62 7 437
621 7 437
351 7 436
376 7 436
710 7 436
852 7 436
486 7 436
230 8 435
475 8 435
417 8 435
34 8 435
497 8 434
967 8 433
571 8 432
212 8 431
502 8 430
778 8 429
458 8 428
984 8 428
279 8 428
333 8 426
981 8 425
139 8 425
704 8 425
731 8 424
687 8 424
847 8 423
849 9 423
487 9 422
731 9 422
280 9 422
998 9 421
284 9 420
407 9 419
830 9 419
994 9 419
85 9 418
445 9 417
864 9 417
819 9 417
850 9 417
595 9 417
457 9 416
606 9 416
947 9 416
20 9 415
82 9 414
755 9 414
180 10 414
304 10 413
236 10 413
275 10 413
469 10 413
838 10 412
896 10 412
398 10 410
213 10 410
10 10 409
420 10 408
809 10 408
995 10 408
466 10 407
756 10 407
924 10 406
624 10 406
538 11 406
27 11 405
938 11 404
828 11 403
591 11 403
149 11 402
481 11 402
867 11 401
713 11 401
763 11 400
994 11 399
292 11 398
457 11 397
337 11 396
402 11 396
254 11 395
834 11 394
399 11 394
527 11 393
656 11 393
84 11 392
698 11 392
454 11 392
427 11 391
99 12 390
191 12 390
249 12 390
389 12 390
630 12 390
627 12 389
310 12 388
341 12 388
35 12 388
570 12 388
610 12 387
886 12 386
720 12 386
90 12 386
78 12 384
19 12 384
405 12 384
131 12 384
175 12 383
725 12 383
286 12 382
13 12 381
505 13 381
148 13 381
812 13 379
742 13 379
718 13 379
159 13 379
130 13 378
175 13 378
991 13 378
41 13 378
220 13 377
969 13 377
901 13 377
35 13 376
500 13 376
921 13 375
778 13 375
688 13 374
943 14 374
254 14 373
665 14 372
40 14 371
356 14 371
403 14 370
284 14 370
508 14 370
549 14 369
925 14 368
491 14 368
3 14 367
142 14 367
946 14 367
754 14 366
24 14 366
418 14 366
396 14 365
940 14 365
593 14 364
708 14 364
985 14 364
684 14 363
211 14 363
723 14 363
320 14 363
386 14 363
575 14 362
63 15 361
818 15 360
722 15 360
539 15 359
472 15 358
827 15 357
704 15 357
702 15 357
399 15 357
756 15 357
383 15 356
964 15 356
843 15 355
710 15 353
130 15 353
250 15 352
925 15 352
828 15 352
402 15 352
495 15 352
736 15 350
733 15 348
189 15 347
488 16 347
423 16 347
693 16 347
120 16 346
318 16 346
219 16 346
384 16 345
867 16 345
693 16 344
748 16 344
938 16 344
955 16 343
907 16 342
956 16 341
293 16 341
845 16 341
251 16 341
107 16 341
864 16 340
805 16 339
198 16 339
237 16 339
289 16 338
334 16 338
222 17 338
104 17 337
895 17 337
348 17 337
566 17 337
554 17 337
358 17 336
798 17 336
432 17 336
215 17 335
591 17 335
400 17 334
972 17 334
759 17 333
540 17 333
748 17 333
994 17 333
294 17 333
229 17 332
864 17 332
301 18 331
526 18 331
98 18 331
955 18 330
364 18 330
911 18 330
213 18 329
16 18 329
262 18 327
662 18 327
850 18 326
285 18 325
506 18 324
595 18 324
927 18 323
846 18 322
264 18 321
692 18 320
282 18 320
50 19 319
591 19 318
23 19 318
187 19 318
304 19 318
515 19 317
181 19 317
480 19 316
714 19 316
490 19 315
154 19 315
247 19 315
950 19 315
612 19 314
841 19 314
235 19 314
158 19 313
597 19 313
269 19 313
293 19 312
406 20 312
201 20 312
498 20 312
782 20 311
51 20 311
114 20 310
209 20 310
47 20 310
898 20 310
193 20 308
570 20 308
254 20 307
326 20 307
23 20 307
68 20 306
533 20 306
819 20 305
838 20 305
792 20 305
120 21 304
48 21 304
705 21 302
500 21 302
515 21 302
602 21 302
908 21 301
195 21 300
6 21 300
778 21 300
721 21 299
121 21 299
414 21 296
281 21 296
857 21 296
644 21 296
425 21 296
786 21 296
772 21 294
791 21 294
21 21 294
813 22 293
773 22 293
488 22 293
453 22 293
540 22 292
36 22 291
161 22 291
681 22 290
943 22 290
753 22 290
340 22 290
217 22 290
706 22 289
962 22 289
479 22 289
983 22 288
638 22 288
49 22 287
127 22 286
878 22 286
732 23 285
133 23 285
40 23 283
82 23 283
445 23 282
804 23 282
730 23 282
309 23 282
896 23 282
258 23 282
456 23 281
403 23 280
379 23 279
936 23 279
90 23 279
212 24 278
410 24 278
747 24 278
451 24 277
387 24 277
318 24 277
688 24 277
917 24 277
527 24 276
76 24 276
754 24 275
951 24 274
261 24 274
166 24 273
263 24 273
896 25 273
992 25 273
359 25 272
141 25 272
910 25 271
847 25 270
304 25 268
844 25 268
871 25 266
97 25 266
328 25 265
728 25 264
169 25 264
543 25 263
376 25 263
86 25 263
597 25 262
637 25 262
604 25 261
320 25 260
605 25 260
367 25 260
133 25 259
815 25 258
382 25 257
557 25 257
379 25 256
420 25 255
177 25 255
850 25 254
912 26 254
139 26 254
340 26 252
591 26 251
872 26 251
788 26 251
958 26 251
471 26 251
892 26 250
399 26 247
975 26 247
662 26 246
294 26 246
92 27 246
237 27 245
731 27 244
415 27 244
940 27 244
331 27 243
727 27 243
180 27 242
415 27 242
444 27 241
321 27 240
111 27 240
563 27 239
597 27 239
735 27 239
50 28 238
557 28 238
761 28 238
723 28 238
910 28 237
984 28 237
358 28 236
983 28 236
425 28 235
447 28 235
780 28 235
215 28 234
326 28 233
888 28 232
190 28 232
922 28 232
183 28 231
544 28 231
441 28 231
260 28 230
765 28 229
93 28 229
201 29 228
563 29 228
216 29 227
203 29 227
347 29 226
508 29 226
450 29 226
318 29 223
357 29 222
58 29 222
933 29 222
553 29 221
658 30 221
258 30 221
381 30 220
545 30 218
954 30 217
781 30 217
752 30 217
466 30 216
549 30 216
451 30 216
826 30 215
515 30 213
600 30 213
640 30 212
22 30 212
568 30 212
912 30 211
222 30 211
502 30 210
172 30 210
883 30 210
712 30 209
251 30 209
113 30 208
999 30 207
277 30 207
736 30 206
406 30 206
82 30 205
41 30 205
289 31 204
204 31 203
312 31 203
356 31 202
561 31 202
452 31 202
907 31 201
965 31 200
289 31 200
360 31 200
973 31 200
383 31 200
28 31 199
885 31 199
65 31 198
861 31 198
655 31 198
746 31 196
519 31 196
213 31 194
942 31 194
495 32 194
198 32 193
159 32 193
737 32 192
677 32 192
443 32 192
609 32 191
294 32 189
254 32 189
136 32 189
616 32 188
720 32 188
529 32 187
521 32 187
309 32 187
654 32 187
308 32 186
239 32 186
929 32 185
454 32 184
174 32 184
199 33 184
454 33 184
759 33 183
184 33 181
253 33 181
900 33 181
710 33 181
431 33 181
593 33 179
949 33 179
864 33 179
346 33 178
948 33 176
934 33 175
15 33 174
514 33 173
700 33 173
314 34 172
496 34 172
890 34 171
971 34 170
796 34 170
625 34 169
300 34 169
294 34 169
33 34 169
207 34 168
326 34 168
953 34 167
471 34 167
613 34 166
495 34 165
896 34 162
750 35 161
993 35 161
202 35 161
928 35 161
442 35 161
632 35 160
486 35 160
755 35 159
506 35 159
610 35 159
367 35 159
715 35 157
384 35 157
120 35 157
717 35 155
822 35 154
85 36 154
682 36 151
630 36 150
959 36 150
296 36 150
925 36 149
603 36 149
45 36 149
819 36 148
905 36 147
740 36 147
741 36 147
531 36 146
297 36 146
361 36 145
443 37 144
546 37 144
668 37 142
686 37 142
966 37 141
954 37 141
912 37 140
577 37 139
841 37 139
344 37 138
502 37 138
803 37 138
533 37 136
778 37 136
528 37 136
961 37 136
972 37 135
662 37 135
583 38 135
391 38 134
160 38 133
97 38 132
74 38 131
512 38 131
418 38 131
41 38 130
728 38 130
468 38 130
799 38 130
984 38 130
870 38 129
742 38 129
5 38 128
205 38 126
508 38 126
112 39 125
91 39 125
448 39 123
162 39 123
533 39 122
982 39 122
306 39 121
369 39 121
259 39 120
640 39 119
215 39 117
84 39 117
188 39 117
594 39 116
553 39 115
524 39 115
191 40 115
666 40 114
74 40 113
818 40 113
752 40 112
256 40 112
134 40 112
880 40 112
120 40 111
659 40 111
602 40 110
697 40 109
458 40 109
953 40 108
469 40 108
191 40 107
92 40 106
227 40 106
377 40 106
723 40 105
270 40 105
326 40 105
534 40 102
926 40 102
322 40 102
862 40 101
916 41 100
566 41 100
247 41 100
901 41 100
354 41 99
885 41 99
284 41 98
585 41 98
696 41 97
68 41 97
822 41 96
52 41 96
829 41 95
844 41 94
926 41 94
189 41 94
950 41 94
285 41 93
26 42 91
820 42 91
380 42 91
503 42 91
22 42 90
626 42 87
464 42 87
830 42 87
471 42 86
150 42 85
574 42 84
611 42 84
340 42 84
669 42 84
60 42 84
92 42 84
65 42 83
745 42 83
789 42 82
6 42 82
881 42 82
954 42 81
606 43 81
857 43 81
159 43 80
882 43 80
259 43 80
394 43 80
529 43 80
793 43 79
151 43 79
214 43 78
690 43 77
305 43 77
71 43 76
25 43 76
891 43 76
316 43 76
802 43 75
727 43 75
381 43 75
650 43 75
592 43 74
626 43 72
5 43 72
751 43 71
3 43 71
986 43 71
524 44 71
625 44 71
294 44 71
634 44 70
746 44 68
287 44 68
808 44 67
487 44 67
655 44 66
580 44 65
477 44 65
132 44 65
342 44 65
3 44 63
946 44 63
816 44 62
870 44 62
573 44 61
834 44 61
281 44 59
917 44 59
862 44 59
682 44 58
154 44 57
163 44 57
789 44 56
534 44 56
88 44 56
625 45 55
194 45 55
510 45 55
410 45 54
517 45 54
618 45 53
376 45 53
167 45 53
739 45 52
653 45 52
499 45 51
225 45 51
673 45 50
1 45 50
621 45 50
399 45 49
423 45 49
399 46 49
562 46 49
48 46 48
257 46 48
491 46 48
233 46 48
819 46 47
354 46 47
906 46 46
893 46 46
852 46 46
671 46 45
236 46 45
397 46 45
737 46 44
21 46 43
896 46 43
656 47 43
362 47 42
311 47 41
735 47 40
409 47 40
503 47 39
577 47 39
792 47 38
906 47 37
123 47 36
962 47 36
211 47 35
24 47 35
246 47 34
209 47 33
329 47 33
283 47 33
873 47 33
680 47 32
104 47 31
24 47 31
170 47 29
821 48 29
973 48 28
973 48 28
904 48 27
370 48 26
410 48 26
929 48 26
40 48 26
995 48 25
399 48 25
933 48 25
661 48 25
544 48 24
724 48 24
251 48 23
919 48 23
542 49 22
53 49 22
553 49 21
50 49 21
470 49 19
718 49 18
906 49 17
775 49 16
473 49 16
662 49 16
834 49 15
912 49 15
558 49 15
216 49 14
3 49 14
276 49 13
338 50 10
459 50 10
697 50 10
618 50 9
499 50 9
916 50 8
62 50 8
275 50 8
785 50 8
666 50 8
434 50 7
768 50 7
121 50 7
431 50 6
11 50 5
554 50 5
472 50 3
838 50 3
701 50 3
297 50 2
408 50 2
399 50 1
655 50 1
356 50 1
