750 1 7
855 50 500
853 50 500
481 50 500
565 50 500
689 50 499
926 50 499
861 50 499
215 50 498
794 50 497
849 50 497
986 50 495
856 50 494
375 50 493
160 49 492
458 49 492
641 49 492
181 49 492
744 49 490
207 49 490
724 49 488
683 49 488
655 49 488
471 49 487
176 48 486
614 48 486
471 48 486
872 48 485
776 48 485
191 48 485
248 48 485
324 48 485
645 48 484
682 48 484
212 48 483
129 48 482
116 48 481
750 47 480
12 47 480
152 47 478
651 47 476
380 47 476
288 47 475
783 47 474
876 47 473
798 47 473
484 47 471
389 47 471
588 47 471
981 47 471
566 46 470
458 46 469
437 46 469
407 46 468
971 46 468
457 46 468
319 46 468
339 46 466
761 46 465
259 46 465
30 46 465
314 46 463
463 46 461
632 46 461
197 46 460
12 46 459
681 46 459
396 45 459
928 45 458
652 45 457
184 45 457
500 45 457
487 45 454
289 45 453
158 45 453
4 45 451
870 45 451
394 45 449
663 45 449
271 45 449
385 44 448
166 44 447
499 44 447
650 44 447
69 44 446
789 44 445
96 44 445
165 44 443
626 44 443
622 44 442
476 44 442
855 44 442
757 44 441
589 44 438
928 44 438
669 44 438
177 44 437
816 44 435
632 43 432
118 43 430
533 43 430
983 43 428
934 43 428
46 43 427
857 43 427
239 43 427
599 43 427
877 43 426
602 43 425
513 43 424
141 43 424
60 43 424
517 43 421
203 43 419
740 43 417
155 42 416
144 42 416
698 42 415
568 42 414
474 42 414
44 42 414
698 42 414
387 42 413
930 42 413
703 42 411
165 42 411
989 42 410
982 42 409
669 42 409
636 42 409
923 42 409
28 41 409
975 41 408
676 41 407
770 41 407
866 41 407
180 41 406
727 41 406
454 41 406
870 41 406
755 41 404
190 41 404
875 41 401
223 41 399
523 41 398
345 41 397
372 41 397
433 41 397
818 40 396
475 40 396
401 40 396
649 40 395
785 40 395
396 40 395
987 40 394
158 40 393
329 40 392
540 40 392
563 40 391
32 40 388
742 40 388
305 40 387
97 39 387
304 39 386
521 39 386
246 39 383
361 39 383
322 39 383
132 39 383
408 39 381
767 39 380
747 39 380
919 39 378
741 38 378
995 38 378
708 38 378
31 38 377
579 38 376
951 38 373
912 38 373
574 38 371
939 38 371
998 38 370
336 38 370
998 38 369
8 38 369
111 38 367
648 38 367
910 38 366
336 38 365
566 37 365
78 37 365
559 37 363
230 37 362
804 37 361
766 37 360
632 37 360
552 37 359
165 37 359
597 37 358
534 37 356
516 37 356
47 37 355
432 37 355
448 37 353
58 37 352
858 37 352
496 37 351
814 37 351
94 37 351
779 36 351
476 36 350
609 36 350
30 36 349
322 36 349
963 36 348
197 36 348
322 36 347
764 36 346
741 36 346
436 36 345
564 36 344
795 36 344
308 36 342
4 36 340
613 36 339
24 35 339
420 35 338
752 35 338
768 35 338
59 35 337
788 35 337
317 35 336
656 35 336
754 35 335
321 35 335
370 35 334
658 35 334
933 35 334
582 35 334
379 35 333
910 35 332
978 35 331
233 35 331
375 35 330
480 34 330
307 34 329
228 34 328
356 34 328
325 34 327
853 34 325
647 34 325
693 34 324
452 34 323
332 34 323
383 34 322
178 34 322
826 34 322
170 34 321
61 34 321
637 34 320
810 34 319
335 33 319
717 33 318
61 33 317
943 33 317
739 33 316
937 33 316
947 33 316
855 33 314
646 33 314
714 33 312
586 33 312
319 33 311
320 33 311
651 33 311
276 33 311
709 33 310
788 33 309
386 33 308
751 32 308
238 32 308
71 32 307
459 32 307
38 32 306
532 32 304
239 32 303
514 32 302
755 32 301
90 32 301
974 32 301
997 32 301
819 32 300
496 32 300
918 32 300
428 31 299
146 31 298
150 31 298
670 31 297
278 31 296
213 31 296
159 31 295
963 31 295
337 31 294
447 31 293
140 31 292
690 31 292
845 31 292
283 31 291
993 31 291
513 31 291
710 31 289
928 31 289
288 31 288
93 31 287
405 31 287
651 31 286
744 31 285
174 31 285
498 31 284
461 30 283
697 30 282
207 30 282
887 30 282
365 30 281
359 30 280
82 30 279
739 30 277
993 30 277
617 30 277
816 30 276
202 30 276
110 29 275
845 29 275
622 29 275
102 29 275
543 29 275
674 29 274
163 29 274
605 29 274
889 29 273
729 29 273
678 29 272
766 29 272
917 29 272
280 29 270
868 29 270
824 29 269
695 28 269
340 28 268
303 28 268
282 28 267
164 28 265
83 28 265
2 28 264
937 28 264
1000 28 264
828 28 263
504 28 262
729 28 261
749 28 260
347 28 260
645 28 260
978 28 260
960 28 259
581 28 257
756 28 255
534 28 255
677 28 254
396 28 253
24 28 252
325 27 252
90 27 251
95 27 251
295 27 250
862 27 249
665 27 249
722 27 248
927 27 248
986 27 247
39 27 247
341 27 246
892 27 245
62 26 245
26 26 245
499 26 244
538 26 243
669 26 243
888 26 242
466 26 242
405 26 242
623 26 242
882 26 241
281 26 239
896 26 239
411 26 239
703 25 239
755 25 238
874 25 238
260 25 236
261 25 236
831 25 235
932 25 232
850 25 232
298 25 232
873 25 229
919 25 229
296 25 228
369 25 228
169 25 228
323 25 225
30 25 223
936 25 222
70 25 221
619 25 220
931 25 220
637 24 220
590 24 220
332 24 220
536 24 219
649 24 219
997 24 219
483 24 218
91 24 218
813 24 218
511 24 218
414 24 218
711 24 217
833 23 217
35 23 217
515 23 216
693 23 215
715 23 215
407 23 215
492 23 214
57 23 213
637 23 212
826 23 212
788 23 211
395 23 210
679 22 209
130 22 208
220 22 207
47 22 206
779 22 204
779 22 203
846 22 203
276 22 202
192 22 202
512 22 200
3 22 199
926 22 198
574 21 198
865 21 198
432 21 198
353 21 196
985 21 195
617 21 194
506 21 194
587 21 193
616 21 192
98 20 192
866 20 191
387 20 190
820 20 190
119 20 189
564 20 189
284 20 188
166 20 187
958 20 184
441 20 184
496 20 184
97 20 183
465 20 183
773 20 181
291 20 180
311 20 180
592 20 180
91 20 178
974 19 177
600 19 176
252 19 176
532 19 176
3 19 175
132 19 175
338 19 174
702 19 174
868 19 174
258 19 173
130 18 172
657 18 172
387 18 171
841 18 170
123 18 170
277 18 170
445 18 169
859 18 167
604 18 167
383 18 166
680 18 163
898 17 162
506 17 162
106 17 160
621 17 160
411 17 159
417 17 158
834 17 158
164 17 157
487 17 155
353 17 155
756 17 154
980 17 154
103 16 154
551 16 154
50 16 153
779 16 153
80 16 152
204 16 151
555 16 150
720 16 149
924 16 149
934 16 148
582 16 148
34 16 148
384 16 148
809 16 148
206 16 147
588 16 147
533 16 147
722 16 146
369 15 146
337 15 145
925 15 144
504 15 144
387 15 143
982 15 143
799 15 142
847 15 142
705 15 141
48 15 140
126 15 139
738 15 139
39 15 138
178 14 138
419 14 137
428 14 137
770 14 136
242 14 136
691 14 135
604 14 134
137 14 134
945 14 133
580 14 133
907 13 133
118 13 133
614 13 133
409 13 131
682 13 130
723 13 130
879 13 128
772 13 128
365 13 127
744 13 126
635 13 126
451 13 125
334 13 125
248 13 125
94 12 125
635 12 124
151 12 124
371 12 123
905 12 121
249 12 120
272 12 120
711 12 120
349 12 116
632 12 116
89 12 115
39 12 113
252 12 113
716 12 112
396 12 112
830 12 112
485 12 112
197 12 112
859 11 111
100 11 111
690 11 110
631 11 110
337 11 110
199 11 109
975 11 109
990 11 109
848 11 107
773 11 107
321 11 106
639 11 106
838 11 105
950 11 104
865 11 104
170 11 104
732 11 104
598 11 104
372 11 103
892 11 103
550 10 103
240 10 103
784 10 102
64 10 102
360 10 102
758 10 100
197 10 99
149 10 99
890 10 98
396 10 98
669 10 97
291 10 97
298 10 96
413 10 96
329 10 95
919 10 95
35 10 93
254 10 92
514 9 92
158 9 91
751 9 90
702 9 89
673 9 89
495 9 87
70 9 87
743 9 86
395 8 85
400 8 84
515 8 84
462 8 83
629 8 83
130 8 82
775 8 82
493 8 82
392 8 77
617 7 72
989 7 70
995 7 70
712 7 68
971 7 67
825 7 67
401 7 67
279 7 66
531 7 66
734 7 65
989 7 65
921 7 65
365 7 64
698 7 64
139 6 64
739 6 64
617 6 62
640 6 62
439 6 62
517 6 61
485 6 61
833 6 61
760 6 61
698 6 60
522 6 60
784 6 59
142 6 58
752 6 57
417 6 57
209 6 57
780 6 55
504 6 54
262 5 54
181 5 54
480 5 52
867 5 52
354 5 50
589 5 50
896 5 49
542 5 49
495 5 49
441 5 49
31 5 49
932 5 48
525 5 47
204 5 46
964 5 44
359 5 43
10 4 43
117 4 42
627 4 40
43 4 37
381 4 35
516 4 35
253 4 35
15 4 34
859 4 33
398 4 33
331 3 32
849 3 31
827 3 30
112 3 29
416 3 28
228 3 27
356 3 27
748 3 27
844 3 26
760 3 24
998 3 24
579 3 23
964 2 23
943 2 21
341 2 21
239 2 20
119 2 20
759 2 20
650 2 20
907 2 19
580 2 19
489 2 19
597 2 18
874 2 17
239 2 17
229 2 17
789 2 16
889 2 16
194 2 16
48 2 15
199 2 14
762 2 14
784 2 13
27 2 13
677 2 11
766 1 10
925 1 9
505 1 9
573 1 8
94 1 7
73 1 6
477 1 6
419 1 6
493 1 4
187 1 4
381 1 4
801 1 4
805 1 3
258 1 2
95 1 2
922 1 2
685 1 2
551 1 1
