200 8 5
121 39 410
201 50 97
121 31 390
241 48 162
321 12 465
201 29 403
161 42 55
161 37 355
81 2 465
81 34 445
321 49 475
281 7 200
161 19 493
321 19 45
241 41 166
81 7 469
241 39 489
321 44 288
281 21 443
161 39 281
121 23 423
81 2 176
281 39 398
281 33 314
41 20 303
201 43 169
281 4 118
121 35 157
241 39 220
361 2 195
121 31 124
161 18 43
121 40 51
41 35 255
321 8 263
361 20 284
241 5 189
241 36 461
121 5 103
121 17 34
321 49 314
81 36 43
201 44 352
321 14 354
361 37 112
41 48 134
201 21 128
201 26 140
161 31 83
41 12 382
281 35 236
121 48 89
241 14 218
161 20 487
281 48 488
321 4 442
41 50 35
361 38 285
121 16 383
81 12 423
361 20 60
361 10 168
81 48 14
41 20 314
241 34 477
161 14 202
121 27 489
241 21 351
361 28 10
241 40 103
81 16 167
201 13 130
121 38 398
321 13 73
241 20 487
321 41 52
201 24 483
321 2 45
161 18 332
281 43 98
361 29 474
161 18 313
161 11 62
321 11 107
321 32 268
41 37 499
161 32 440
361 49 373
41 30 7
121 31 267
241 29 402
161 38 104
201 33 118
201 13 453
121 18 251
361 11 167
81 2 474
81 48 326
201 14 45
241 9 456
161 4 193
321 29 21
121 3 1
161 33 11
201 48 497
201 28 410
281 28 394
281 25 270
201 29 159
241 13 423
161 4 74
161 42 193
321 21 352
241 29 344
41 30 163
81 42 273
281 27 113
361 25 249
241 39 20
201 45 263
41 27 71
81 19 50
361 27 3
41 42 195
161 45 266
281 33 339
241 6 397
41 40 474
201 17 323
161 44 170
281 43 134
81 3 133
281 24 328
281 18 311
281 9 66
321 9 484
361 27 307
321 45 126
321 48 497
41 27 324
201 14 251
41 18 392
241 46 138
201 31 230
281 29 387
281 8 340
121 35 267
161 33 409
201 22 382
121 35 345
41 42 434
201 9 303
361 29 29
321 8 319
161 42 468
161 4 87
281 31 276
201 16 194
41 30 214
241 18 362
201 33 355
81 10 54
161 14 32
281 31 284
81 39 89
281 31 472
361 8 91
321 8 146
41 5 247
201 28 58
241 5 497
161 44 323
41 30 499
361 16 472
121 30 360
201 19 212
121 26 392
281 17 327
161 10 455
41 21 253
321 13 7
241 24 308
281 22 444
321 39 90
281 8 495
81 31 329
241 46 222
41 6 447
41 15 257
321 5 382
321 16 360
81 11 212
321 35 152
121 17 135
241 45 496
41 31 48
121 8 312
161 50 58
41 46 474
161 7 145
