100 9 5
824 50 500
850 50 499
948 49 483
843 49 481
638 47 472
41 47 472
353 46 466
834 45 465
96 45 460
640 45 459
740 45 456
329 43 451
956 43 449
176 42 444
950 41 434
532 41 433
694 41 430
243 40 429
2 40 424
943 40 421
745 40 420
877 40 390
70 39 376
683 39 371
891 38 369
809 38 364
840 37 351
640 37 347
676 37 347
384 36 344
742 36 339
519 35 335
107 35 334
220 35 333
138 34 333
478 34 319
37 33 319
811 33 309
232 33 309
63 32 306
851 31 304
206 31 303
254 31 303
970 29 290
950 29 282
177 28 281
687 28 280
774 28 278
610 27 269
517 27 267
379 27 266
535 26 265
876 26 242
537 26 231
327 26 229
177 24 222
386 24 218
816 24 211
948 24 210
122 23 207
429 23 204
155 22 203
183 21 200
294 21 197
421 21 192
375 16 189
788 16 189
156 16 185
402 16 172
737 16 171
824 15 167
542 15 167
874 14 166
382 14 165
450 13 164
598 13 149
323 13 138
407 12 137
620 11 136
59 10 136
303 10 132
458 10 128
44 10 125
963 10 124
487 10 120
732 8 116
609 7 88
746 7 88
110 7 82
970 6 71
613 6 71
665 6 68
923 6 65
558 5 48
846 5 33
530 4 33
626 3 31
662 2 23
784 1 22
127 1 16
