100 6 7
417 50 8
459 50 9
535 50 11
720 49 24
891 49 29
426 48 30
850 47 30
299 45 35
194 44 46
497 43 48
524 43 51
14 42 54
755 42 58
214 42 58
150 41 63
175 41 63
980 41 72
392 41 76
583 40 82
448 39 83
548 38 100
172 38 111
492 37 144
825 37 146
716 37 149
581 37 150
204 37 158
570 36 160
854 36 169
378 35 176
463 35 176
558 35 177
256 34 179
658 34 182
475 33 184
116 33 195
349 32 200
307 32 206
306 32 211
111 29 212
529 29 215
751 28 217
819 28 218
965 28 224
278 27 232
799 26 235
875 26 237
429 25 241
407 24 243
866 24 247
120 24 255
161 23 262
545 23 267
510 21 272
346 21 292
843 21 293
641 21 293
976 21 301
566 20 304
100 20 306
190 20 309
494 20 311
720 18 320
424 17 322
564 17 331
969 16 332
845 16 352
733 15 363
762 15 366
368 14 366
595 12 366
226 12 379
73 12 381
535 12 388
445 11 391
763 11 391
577 11 391
543 10 410
958 10 422
475 10 423
601 10 430
662 10 434
753 8 434
659 8 434
483 8 447
839 7 449
627 7 450
118 7 454
154 7 464
413 5 464
334 5 465
303 4 466
48 3 471
449 3 472
106 2 474
570 2 478
609 1 497
396 1 497
346 1 498
599 1 498
