350 9 2
513 50 500
147 50 498
412 50 497
938 50 495
876 50 495
548 50 492
630 50 489
846 49 488
357 49 487
556 49 486
802 49 485
845 49 485
68 48 485
576 48 484
221 47 483
377 47 482
393 47 481
443 47 480
409 47 479
898 46 477
816 46 476
286 46 475
944 46 471
327 46 468
840 46 468
522 46 465
199 45 464
968 45 464
896 45 463
682 45 463
860 45 462
695 45 456
446 45 456
254 45 455
118 45 454
540 45 452
22 44 447
850 44 446
240 44 444
415 44 443
867 44 442
262 44 440
49 44 439
609 43 439
413 43 434
966 43 431
291 43 428
187 43 428
727 43 426
754 43 425
725 43 424
200 42 424
259 42 423
88 42 420
104 42 419
399 42 418
661 42 418
76 42 418
299 42 417
184 42 416
889 41 416
249 41 416
435 41 415
831 41 415
625 40 413
418 40 413
674 40 413
590 40 404
487 40 403
250 40 403
498 39 401
341 39 393
748 39 392
241 39 392
262 39 391
493 39 391
787 39 389
63 38 388
118 38 387
411 38 384
980 38 384
875 38 380
526 38 379
888 38 378
256 37 377
445 37 376
89 37 376
660 37 372
902 37 371
922 37 371
639 37 370
258 37 370
329 37 367
389 37 367
792 37 367
727 37 365
854 37 363
482 36 362
628 36 362
516 36 361
301 36 359
206 36 358
409 35 355
747 35 352
619 35 351
106 35 350
503 35 350
439 35 347
937 35 345
519 35 344
875 35 344
140 34 343
838 34 340
595 34 340
854 34 338
877 34 337
396 33 337
641 33 336
226 33 335
196 33 333
681 33 330
471 33 328
168 33 325
196 32 325
156 32 325
873 32 325
73 32 324
66 32 324
161 32 323
322 32 323
791 32 322
514 31 319
123 31 319
83 31 317
735 31 314
622 30 305
197 30 305
172 30 303
822 30 298
713 30 298
773 30 295
584 30 294
213 30 292
682 30 290
654 30 290
549 30 290
410 30 289
92 30 288
321 29 287
944 29 285
812 29 284
2 29 283
735 29 283
703 29 282
587 29 282
736 28 275
654 28 274
512 28 273
1 28 271
108 28 270
437 27 268
432 27 267
985 27 265
388 27 260
645 27 255
573 26 254
995 26 253
457 26 251
510 26 249
452 26 248
297 26 246
496 26 245
283 25 245
743 25 242
241 25 238
97 25 238
235 24 236
502 24 236
966 24 236
121 24 232
349 23 231
54 23 229
821 23 229
570 23 228
487 23 227
55 23 227
154 23 226
315 22 226
883 22 225
736 22 225
221 22 223
658 22 220
55 22 220
941 22 220
741 22 218
253 21 217
479 21 216
808 21 215
94 21 215
64 21 215
369 21 215
710 21 214
410 21 212
656 21 210
349 21 208
800 21 205
34 21 202
478 21 202
567 20 200
921 20 200
103 20 199
464 20 197
906 20 196
576 20 194
297 20 191
265 20 189
611 20 188
931 20 188
466 20 187
873 20 185
975 20 184
923 19 184
192 19 180
279 19 180
226 19 178
799 19 178
14 19 175
250 19 174
597 19 174
57 19 173
279 18 170
135 18 170
851 18 169
125 18 169
798 18 169
117 18 168
160 18 167
399 18 159
772 18 157
372 18 155
903 18 155
675 17 155
62 17 154
124 17 152
734 17 150
504 17 150
123 17 149
410 17 147
128 17 147
790 17 145
375 16 144
477 16 143
767 16 142
991 16 141
623 16 138
31 16 137
211 16 136
314 16 133
858 16 133
471 16 130
628 16 129
346 16 129
847 16 129
499 16 126
456 16 126
261 16 125
865 15 122
418 15 118
513 15 117
184 15 117
524 15 116
824 15 116
910 14 114
304 14 113
226 14 112
18 14 108
76 14 107
387 14 107
143 13 107
225 13 106
953 13 105
101 13 103
413 13 103
740 13 99
406 13 98
159 12 97
645 12 97
454 12 93
974 12 91
385 12 89
987 11 89
247 11 84
55 11 83
432 10 82
404 10 81
359 9 79
35 9 76
163 9 73
759 9 70
628 9 69
483 9 65
503 9 64
669 8 64
924 8 60
465 8 58
595 8 57
518 8 56
262 8 56
521 8 53
798 8 53
650 7 51
771 7 51
500 7 50
331 7 48
712 7 44
515 6 44
240 6 42
62 6 41
878 5 40
721 5 39
463 5 36
457 5 34
422 5 31
360 5 31
89 5 30
880 5 29
825 5 27
231 5 27
513 4 26
347 4 25
460 4 19
687 4 19
218 3 19
697 3 18
955 3 18
206 3 18
460 3 18
144 3 17
798 2 16
36 2 15
775 2 13
995 2 12
631 2 11
795 2 10
314 2 9
397 2 9
428 1 9
563 1 9
273 1 3
714 1 3
