1000 6 8
370 50 2
3 50 2
666 50 2
722 50 2
931 50 3
744 50 4
32 50 5
574 50 6
323 50 7
6 50 7
52 50 8
639 50 9
345 50 9
819 50 10
326 50 11
120 50 11
974 50 11
520 50 12
592 50 12
204 49 12
348 49 15
833 49 15
667 49 15
782 49 15
279 49 16
994 49 17
815 49 18
189 49 18
44 49 18
309 49 18
239 49 18
526 49 18
529 49 19
985 49 20
287 49 20
209 49 20
912 49 21
540 49 21
604 49 24
326 49 24
611 48 25
888 48 25
446 48 25
592 48 26
133 48 26
188 48 27
500 48 27
767 48 27
595 48 28
97 48 28
244 48 28
12 48 29
998 48 29
525 48 30
957 48 30
237 47 30
845 47 30
757 47 31
315 47 31
368 47 31
979 47 32
786 47 32
598 47 32
532 47 33
186 47 33
574 47 33
112 47 35
627 47 36
299 47 37
1000 47 37
889 47 37
4 46 37
604 46 38
308 46 38
649 46 39
462 46 39
620 46 39
662 46 39
785 46 40
126 46 40
166 46 40
460 46 41
734 46 41
185 46 42
167 46 43
883 46 43
971 46 45
637 46 46
61 46 46
602 46 46
57 46 47
745 46 47
855 45 48
251 45 48
30 45 48
710 45 48
739 45 48
584 45 49
16 45 49
381 45 49
776 45 50
290 45 50
636 45 50
207 45 51
425 45 51
644 45 51
944 45 52
19 45 52
569 45 52
654 44 53
153 44 54
914 44 54
441 44 55
389 44 55
633 44 56
79 44 56
876 44 56
616 44 56
736 44 58
683 44 58
188 44 58
998 44 59
622 44 60
285 44 60
139 44 61
987 44 61
603 44 62
582 44 62
439 44 62
618 44 63
931 44 64
473 43 64
762 43 64
307 43 64
122 43 65
969 43 65
189 43 66
917 43 69
239 43 69
598 43 71
305 43 71
583 43 72
656 43 72
231 43 72
954 43 73
129 43 73
554 43 74
499 42 74
313 42 75
304 42 75
898 42 75
707 42 76
564 42 77
454 42 77
445 42 77
519 42 79
140 42 79
895 42 80
817 42 80
25 42 81
410 41 84
815 41 84
678 41 84
398 41 84
110 41 85
2 41 85
893 41 85
192 41 86
878 41 86
828 41 86
11 41 87
512 41 87
352 41 87
855 41 87
545 41 88
169 41 89
141 40 89
722 40 90
700 40 91
752 40 92
601 40 92
990 40 92
532 40 94
32 40 95
227 40 95
52 40 95
67 40 95
387 40 96
325 40 96
186 40 97
787 40 97
594 40 97
112 40 98
309 40 98
756 40 98
445 39 99
592 39 99
937 39 100
642 39 100
390 39 100
935 39 102
131 39 103
487 39 103
999 39 104
513 39 104
727 39 105
98 39 106
316 39 106
660 39 107
45 39 107
179 39 107
547 39 107
585 39 107
126 39 108
649 39 109
96 39 111
771 39 111
901 38 111
531 38 111
965 38 112
611 38 112
945 38 113
991 38 113
15 38 113
502 38 114
271 38 115
978 38 116
419 38 116
540 38 116
68 38 117
157 38 117
231 38 117
717 38 117
192 38 118
248 38 118
430 38 118
497 38 118
373 38 119
557 37 119
91 37 119
660 37 120
623 37 120
68 37 121
103 37 121
901 37 122
46 37 122
103 37 124
501 37 125
610 37 127
710 37 127
353 37 127
626 37 129
10 37 129
728 37 129
800 37 129
522 37 131
510 37 131
377 37 131
779 37 131
365 36 131
573 36 132
16 36 132
865 36 132
217 36 132
962 36 133
813 36 133
137 36 133
225 36 133
204 36 134
69 36 134
840 36 135
795 36 135
66 36 135
250 36 138
234 36 140
880 35 140
937 35 140
375 35 140
768 35 140
836 35 141
291 35 141
681 35 141
938 35 142
213 35 142
374 35 143
913 35 143
521 35 143
720 35 143
870 35 144
751 34 145
187 34 145
398 34 146
311 34 147
952 34 147
52 34 147
846 34 148
356 34 148
176 34 149
870 34 149
749 34 150
797 34 151
570 34 151
301 34 151
80 34 151
329 34 152
771 33 152
506 33 152
338 33 153
856 33 153
263 33 153
593 33 153
833 33 153
986 33 154
484 33 154
673 33 155
762 33 155
834 33 156
803 33 157
991 33 158
181 33 159
273 33 159
789 33 160
175 32 161
611 32 161
752 32 161
985 32 162
257 32 162
875 32 162
814 32 163
771 32 165
492 32 166
253 32 168
793 32 168
385 32 168
321 32 169
542 32 170
205 32 170
887 32 171
599 32 172
258 32 173
566 31 174
378 31 174
574 31 174
287 31 174
508 31 174
481 31 174
714 31 175
533 31 176
818 31 176
168 31 177
318 31 177
668 31 178
267 31 178
759 31 179
554 31 180
855 31 180
514 31 182
455 31 182
459 31 183
596 31 185
563 31 185
204 30 185
470 30 185
565 30 185
524 30 187
61 30 187
9 30 188
272 30 188
418 30 188
816 30 189
149 29 189
554 29 189
865 29 189
899 29 190
243 29 190
211 29 190
731 29 190
38 29 190
746 29 191
883 29 191
300 29 191
196 29 191
123 29 192
347 28 192
376 28 193
817 28 194
257 28 194
229 28 194
698 28 194
373 28 194
152 28 195
781 28 195
306 28 197
805 28 197
865 28 197
601 28 197
81 28 197
835 28 197
439 28 199
940 28 199
276 28 199
124 28 201
153 28 201
80 28 201
411 28 201
975 28 202
28 28 203
209 28 203
69 28 203
254 27 205
596 27 205
263 27 206
602 27 206
892 27 207
984 27 208
668 27 209
84 27 209
319 27 209
919 27 210
988 27 210
723 27 210
831 27 211
730 27 211
241 27 211
404 27 211
132 27 211
504 27 212
790 27 212
581 27 212
998 26 213
296 26 213
884 26 215
415 26 216
917 26 216
342 26 216
88 26 216
880 26 217
833 26 217
533 26 217
381 26 217
773 26 219
604 26 219
13 26 219
542 26 219
865 26 219
108 26 220
329 26 220
300 26 220
972 26 220
493 26 220
609 25 221
29 25 223
314 25 224
610 25 224
423 25 225
830 25 225
214 25 225
612 25 225
399 25 226
967 25 227
147 25 228
811 25 229
104 25 230
980 25 231
552 25 231
505 25 231
249 25 232
325 25 232
358 25 234
878 25 234
690 25 235
395 25 235
159 25 236
310 25 236
592 25 236
802 25 237
124 25 239
903 25 241
996 25 241
566 24 241
306 24 242
295 24 242
113 24 243
686 24 243
43 24 243
882 24 244
465 24 245
38 24 245
445 24 245
552 24 245
523 24 245
832 24 245
33 24 246
485 24 246
874 24 246
226 24 246
194 23 246
906 23 247
685 23 247
443 23 248
495 23 249
386 23 249
774 23 249
494 23 249
495 23 250
479 23 250
90 23 250
41 23 251
456 23 252
426 23 252
356 23 253
448 23 254
676 23 255
145 23 255
470 23 256
226 23 257
681 23 258
338 23 259
829 23 259
573 23 259
651 23 260
654 23 260
175 23 260
526 23 261
48 23 261
585 22 262
164 22 263
736 22 263
824 22 264
806 22 264
502 22 264
390 22 265
967 22 265
184 22 266
351 22 267
564 22 268
273 22 268
810 22 268
662 22 268
6 22 268
921 22 268
600 22 268
933 22 269
276 22 271
893 22 273
679 22 274
937 22 274
518 22 275
633 22 275
951 22 275
367 22 276
129 21 276
470 21 277
881 21 277
544 21 278
708 21 280
783 21 280
275 21 281
769 21 281
580 21 282
456 21 282
136 21 283
697 21 284
354 21 284
996 21 284
340 21 285
23 21 285
351 21 285
441 20 285
725 20 285
544 20 285
454 20 286
442 20 287
374 20 287
994 20 287
751 20 288
473 20 289
789 20 290
104 20 291
300 20 291
287 20 291
156 20 291
155 20 292
940 20 293
169 20 293
893 20 293
617 19 294
686 19 294
536 19 295
38 19 296
196 19 296
447 19 297
134 19 297
507 19 298
274 19 299
564 19 299
160 19 299
315 19 300
876 19 300
819 19 301
260 19 301
571 19 302
773 19 303
956 19 305
616 19 305
847 19 305
297 19 305
653 19 305
204 19 306
87 19 307
143 19 307
506 19 307
574 18 307
486 18 309
197 18 309
316 18 309
160 18 309
485 18 310
750 18 310
656 18 311
576 18 312
654 18 314
427 18 315
32 18 315
324 18 315
869 18 316
747 18 317
63 18 318
983 18 318
992 18 318
608 18 320
126 18 320
637 18 321
88 17 321
528 17 321
492 17 322
623 17 323
312 17 323
844 17 323
114 17 323
827 17 323
137 17 324
897 17 324
467 17 328
451 17 328
696 17 328
440 17 329
291 17 329
368 17 330
479 17 330
772 17 330
623 17 331
931 16 332
536 16 332
80 16 332
298 16 333
39 16 333
825 16 334
930 16 334
456 16 334
759 16 334
64 16 335
712 16 335
722 16 336
216 16 337
600 16 337
573 16 337
282 16 337
250 16 338
340 16 338
40 16 339
697 16 339
152 16 339
576 16 340
234 15 341
948 15 341
105 15 342
919 15 342
690 15 342
917 15 343
443 15 343
190 15 344
38 15 345
670 15 345
148 15 346
80 15 349
1000 15 349
528 15 350
68 15 350
363 15 350
835 15 351
737 15 352
898 15 352
647 15 352
808 15 352
84 15 355
817 15 355
575 15 355
673 15 356
883 15 356
782 15 356
856 15 356
986 14 358
631 14 359
761 14 360
54 14 360
951 14 361
120 14 362
678 14 362
494 14 362
589 14 362
552 14 363
119 14 363
366 14 363
489 14 365
209 14 365
367 14 365
377 14 366
191 14 367
791 14 367
526 14 368
654 14 369
617 14 369
520 14 370
60 13 370
600 13 370
500 13 371
568 13 371
108 13 372
913 13 372
456 13 373
409 13 373
999 13 374
831 13 374
684 13 374
608 13 374
265 13 375
256 13 375
219 13 377
715 13 377
188 13 377
642 13 377
95 13 378
366 13 378
535 13 378
635 13 379
600 13 380
989 13 382
50 13 382
831 13 382
281 13 383
179 12 383
409 12 383
616 12 383
696 12 383
568 12 384
866 12 385
728 12 385
856 12 386
426 12 386
685 12 387
490 12 387
197 12 388
67 12 388
688 12 389
502 12 390
99 12 390
216 12 391
908 12 391
795 12 391
714 12 391
769 11 392
903 11 392
942 11 393
426 11 393
156 11 394
702 11 394
713 11 395
632 11 395
316 11 396
143 11 397
247 11 397
338 11 397
55 11 397
41 11 397
132 11 398
341 11 399
318 11 399
144 11 400
738 11 400
704 10 401
933 10 401
145 10 402
542 10 402
756 10 403
706 10 403
622 10 403
560 10 404
362 10 404
458 10 404
846 10 405
937 10 405
49 10 405
599 10 407
452 10 407
767 10 407
859 10 408
598 10 408
467 10 409
956 9 409
180 9 410
452 9 410
443 9 410
173 9 411
214 9 411
489 9 413
538 9 413
94 9 413
763 9 413
189 9 413
650 9 413
619 9 414
848 9 416
286 9 417
506 9 417
545 9 417
377 8 417
564 8 417
932 8 418
922 8 418
719 8 418
260 8 419
947 8 420
399 8 420
644 8 420
608 8 420
79 8 420
337 8 421
831 8 422
703 8 422
615 8 422
488 8 422
320 8 423
921 8 423
433 8 424
844 8 425
129 8 425
931 7 426
392 7 427
402 7 427
806 7 427
273 7 427
971 7 429
534 7 429
507 7 429
537 7 430
870 7 430
991 7 431
49 7 432
140 7 433
120 7 433
8 7 434
957 7 434
480 7 434
272 7 434
674 7 434
381 7 435
384 7 435
940 7 435
687 6 435
48 6 435
821 6 436
415 6 436
617 6 436
649 6 436
173 6 436
630 6 438
425 6 438
894 6 438
842 6 438
128 6 439
892 6 440
795 6 441
126 6 441
312 6 441
840 6 442
567 6 442
946 6 442
536 6 442
68 6 442
80 6 443
382 6 443
756 5 443
765 5 443
888 5 444
491 5 444
536 5 445
588 5 446
763 5 446
980 5 447
838 5 447
949 5 447
267 5 448
666 4 449
8 4 449
291 4 449
26 4 449
934 4 450
222 4 451
103 4 453
83 4 453
858 4 453
149 4 453
352 4 454
382 4 454
401 4 455
868 4 455
564 4 456
862 4 457
909 4 457
356 4 457
364 4 457
473 4 457
423 4 457
652 4 459
445 3 459
483 3 459
208 3 459
734 3 462
179 3 462
599 3 463
70 3 463
874 3 463
136 3 463
907 3 463
435 3 464
292 3 464
914 3 464
623 3 464
8 3 467
620 3 467
59 3 467
370 3 467
902 3 468
883 3 468
986 3 469
609 3 469
693 3 470
805 3 470
655 3 470
517 3 470
413 3 471
199 2 472
291 2 472
816 2 472
266 2 472
301 2 472
773 2 473
468 2 474
869 2 474
624 2 475
441 2 475
151 2 476
412 2 476
307 2 476
12 2 478
446 2 480
524 2 480
137 2 480
427 2 480
341 2 481
189 2 481
789 2 482
992 2 483
529 2 484
140 1 485
62 1 486
206 1 487
514 1 487
950 1 487
452 1 488
396 1 489
265 1 490
367 1 490
883 1 490
589 1 490
193 1 491
435 1 492
315 1 492
569 1 492
341 1 492
188 1 494
249 1 496
436 1 496
750 1 497
418 1 497
631 1 497
396 1 498
999 1 499
864 1 500
