400 9 3
513 1 1
692 1 4
897 1 6
947 1 7
655 1 7
128 1 7
583 1 10
712 2 10
966 2 11
946 2 11
103 2 14
22 2 15
770 3 17
917 3 17
435 3 20
5 3 20
83 3 20
513 3 26
917 3 27
54 4 29
978 4 30
540 4 31
375 4 32
103 4 33
344 4 35
97 5 37
954 5 38
531 5 38
942 5 38
354 5 40
539 5 41
490 5 42
540 5 43
74 5 44
232 6 46
784 6 46
474 7 47
875 7 50
219 7 51
385 7 51
580 7 53
174 7 54
280 7 54
490 7 54
253 8 56
490 8 58
817 8 60
643 8 61
940 8 63
883 8 64
20 8 66
656 8 67
51 9 67
731 9 70
85 9 72
583 10 72
210 10 72
639 10 76
701 10 76
28 10 77
999 10 77
888 11 77
375 11 77
279 11 78
655 12 80
586 12 82
819 12 85
7 12 85
750 12 88
209 12 91
929 12 92
440 12 93
271 12 96
270 12 97
859 12 97
104 12 100
304 13 100
898 13 100
791 13 102
552 13 103
133 13 104
962 13 105
1000 13 105
974 13 106
712 14 107
256 14 108
576 14 109
718 14 110
138 14 111
978 14 112
388 14 113
921 14 116
361 14 116
59 14 117
988 15 117
390 15 119
805 15 122
696 15 124
677 15 125
908 15 126
808 15 128
590 15 128
957 15 128
10 15 132
770 15 133
590 16 136
146 16 137
173 16 138
94 16 138
682 16 138
856 17 139
33 17 141
381 17 145
665 17 145
901 17 145
499 17 145
573 17 149
766 17 149
571 17 150
115 17 152
837 18 153
39 18 155
81 18 156
551 18 157
224 18 159
913 18 162
870 18 165
514 18 166
907 19 166
33 19 166
699 19 169
963 19 169
981 19 171
269 19 177
92 20 177
962 20 177
906 20 178
665 20 182
379 20 185
725 20 186
284 20 187
278 20 187
944 20 190
521 21 191
774 21 191
637 21 192
665 21 192
332 21 192
366 21 193
369 21 193
890 21 194
287 22 195
95 22 198
578 22 199
42 22 201
241 22 202
408 22 203
53 22 208
746 22 210
559 23 212
45 23 212
384 23 213
994 23 213
255 23 215
616 23 215
556 23 216
329 24 217
644 24 218
19 24 218
860 24 218
520 24 219
44 24 219
316 24 219
586 24 221
900 24 221
300 25 224
341 25 224
881 25 226
759 25 230
413 25 230
983 25 231
21 25 232
114 25 234
736 25 234
316 25 236
22 25 236
985 26 238
597 26 238
446 26 238
115 26 240
619 26 241
657 26 242
150 26 242
938 27 242
324 27 243
662 27 243
372 27 246
382 27 249
168 27 250
980 27 253
64 27 253
610 27 253
199 27 254
605 27 256
748 27 258
578 28 259
560 28 259
854 28 261
294 28 263
826 28 265
707 28 268
650 28 269
661 29 270
965 29 272
662 29 272
537 29 273
359 29 276
87 29 278
339 29 278
517 29 281
612 29 281
166 29 281
237 29 281
93 30 282
267 30 282
515 30 282
62 30 283
970 30 283
631 30 284
71 30 284
294 30 284
182 30 286
598 30 286
464 31 287
98 31 287
277 31 288
910 31 290
931 31 290
566 31 291
756 31 291
180 31 292
179 31 293
872 32 294
6 32 296
779 32 297
935 32 299
243 32 303
502 33 304
173 33 304
50 33 306
740 33 307
814 33 309
504 33 309
660 33 310
949 33 312
14 33 312
1000 33 316
798 33 317
252 34 317
816 34 318
965 34 320
779 34 320
55 34 320
591 34 321
153 34 322
746 35 323
598 35 323
32 35 324
736 35 325
471 35 327
564 35 327
377 35 328
964 36 328
641 36 329
12 36 331
631 36 331
212 36 333
750 36 333
292 36 334
43 36 337
321 36 337
331 37 338
112 37 338
772 37 340
149 37 340
16 37 343
678 37 344
360 37 345
728 37 345
800 38 351
354 38 352
555 38 356
648 38 356
470 38 360
806 38 360
947 38 362
844 38 362
274 38 362
871 38 364
290 38 364
973 38 365
523 38 367
518 39 367
546 39 368
10 39 369
223 39 370
321 39 370
927 39 371
358 39 371
550 39 373
910 39 374
69 39 375
176 40 376
141 40 377
43 40 378
955 40 380
255 40 381
646 40 384
645 40 388
999 41 388
528 41 390
324 41 390
100 41 391
897 41 394
182 41 396
340 42 400
55 42 401
436 42 402
428 42 402
175 42 405
113 42 405
350 42 406
969 42 406
308 43 406
831 43 406
81 43 407
105 43 407
722 43 411
252 43 412
314 43 420
244 43 421
851 44 421
492 44 424
583 44 424
542 44 425
37 44 427
689 44 427
198 44 429
106 44 431
370 44 433
93 45 438
416 45 441
43 45 443
367 46 446
29 46 447
228 46 448
625 46 448
833 46 449
934 46 449
176 46 450
180 46 450
555 46 454
159 46 455
810 46 455
145 46 457
588 46 458
595 46 458
332 46 460
926 47 462
150 47 462
473 47 464
710 47 466
75 47 466
993 47 467
674 47 467
854 47 469
942 48 471
886 48 472
974 48 472
610 48 473
947 48 474
216 48 476
763 48 476
790 49 479
359 49 479
868 49 482
435 49 483
945 49 483
575 49 484
809 49 485
64 49 489
762 49 490
114 49 490
698 49 492
255 50 495
488 50 495
31 50 497
25 50 497
399 50 497
958 50 500
