100 1 2
385 1 8
589 1 12
772 1 14
231 1 19
631 2 20
904 3 32
261 3 32
56 4 33
116 5 38
617 5 39
267 5 61
892 6 62
360 7 62
937 7 63
912 8 66
543 9 68
987 9 78
304 10 82
26 11 83
451 12 85
145 13 91
954 14 91
115 14 98
107 16 105
349 16 105
912 17 105
356 17 107
739 17 108
441 18 116
770 18 118
22 18 124
531 19 132
655 19 133
802 20 136
61 20 142
194 20 154
928 20 158
444 20 168
506 21 180
951 21 189
886 21 194
537 22 202
987 22 204
435 22 205
63 23 210
267 23 213
585 25 214
474 26 215
977 27 223
467 27 227
413 27 227
121 27 236
124 28 240
14 28 240
503 29 241
865 29 244
513 29 258
710 29 262
317 30 265
25 30 266
685 30 280
36 30 281
949 31 297
442 32 299
769 32 301
52 33 302
263 33 305
979 33 308
498 33 312
561 33 318
562 34 325
741 34 328
1000 35 329
959 35 333
554 35 339
105 36 339
45 36 342
967 36 365
506 38 370
774 38 377
363 39 381
709 40 398
195 40 402
815 41 409
826 43 423
365 44 432
473 44 434
976 45 439
998 45 444
132 45 451
742 46 457
208 46 458
177 47 460
419 48 462
118 48 468
826 49 472
338 49 473
830 50 492
87 50 493
687 50 493
