200 7 5
794 37 310
687 3 121
124 26 490
278 39 86
991 16 296
925 12 407
217 47 462
332 16 273
198 32 308
213 37 127
518 13 158
215 37 122
614 40 240
865 46 69
763 48 65
335 8 394
439 50 50
468 4 470
118 43 335
47 21 411
419 48 88
900 16 386
206 34 203
119 40 223
538 6 287
63 3 218
321 42 395
818 40 312
473 20 494
339 26 66
287 18 164
354 46 159
31 16 369
209 1 424
265 36 230
584 47 186
877 32 478
452 37 141
497 7 88
600 48 40
144 18 471
507 47 180
567 31 24
241 26 467
142 17 134
350 2 144
765 30 235
187 10 389
298 17 394
124 43 340
233 15 104
162 16 405
437 14 31
426 19 278
629 36 460
1000 37 289
506 9 407
615 43 357
844 31 349
495 30 409
716 10 264
828 6 348
995 18 184
620 5 214
183 33 405
649 39 283
457 31 465
47 35 21
961 40 337
827 46 370
77 27 462
992 33 488
789 45 98
433 40 126
451 26 209
580 16 350
339 12 459
757 36 180
434 33 118
109 3 116
286 43 402
199 15 296
101 48 54
417 30 208
195 16 449
925 37 366
892 1 249
705 2 254
1 3 288
334 15 13
655 24 364
147 49 489
531 32 471
478 42 441
799 17 403
914 49 371
222 5 423
971 38 280
777 48 429
625 35 335
384 40 36
389 8 441
287 41 374
663 2 212
31 19 269
317 26 128
261 13 309
996 43 76
130 16 412
595 16 362
469 3 265
258 23 390
927 24 148
771 50 264
111 29 478
208 46 63
609 36 141
922 18 420
681 30 460
352 14 37
197 50 280
529 2 204
559 22 420
769 13 458
192 23 257
708 4 274
440 27 187
544 26 398
608 24 329
963 33 206
756 26 341
304 28 3
45 49 280
871 37 411
429 27 131
33 5 161
899 17 92
321 10 418
593 37 256
124 45 311
182 39 229
716 49 9
346 6 177
325 39 132
81 22 238
298 27 343
987 2 336
826 50 488
708 38 432
236 4 402
631 38 1
697 14 318
408 2 370
234 48 209
648 24 153
79 40 415
434 35 340
634 50 199
840 40 467
298 41 142
225 15 357
765 26 142
735 21 384
129 46 479
381 26 261
5 7 384
762 44 222
266 29 18
173 48 444
554 1 161
821 31 498
354 7 172
779 49 377
27 25 407
741 25 280
978 28 481
152 10 495
810 31 238
309 22 88
260 26 182
543 1 62
311 25 260
410 37 215
14 29 306
952 46 238
631 33 212
781 21 367
647 19 236
538 33 420
157 44 8
365 46 52
117 29 279
333 48 106
22 39 158
758 15 312
143 7 170
83 26 187
698 25 152
275 38 10
919 25 464
