450 7 3
249 19 148
580 41 480
548 3 485
801 2 161
601 18 76
586 6 430
226 5 117
217 47 345
721 13 63
493 20 84
697 5 208
316 3 413
181 35 403
696 24 359
321 26 480
844 9 125
933 42 134
396 36 58
54 19 262
877 21 318
829 31 116
877 44 226
17 35 303
634 16 405
731 46 205
393 29 189
352 25 130
955 44 497
998 30 102
792 45 77
83 18 108
362 48 87
976 33 129
21 8 145
621 5 53
324 9 123
880 36 75
683 31 431
501 27 230
677 29 372
719 49 3
219 27 109
560 44 325
499 36 76
700 4 333
362 32 383
964 4 124
524 10 173
326 37 264
264 6 219
210 37 123
468 13 211
54 24 345
524 28 279
560 23 472
518 28 178
758 10 168
964 1 299
145 26 248
580 1 249
810 29 294
265 5 327
635 2 380
713 31 202
562 42 234
607 29 16
300 25 181
66 43 326
457 1 232
666 3 480
833 3 114
532 27 330
750 8 389
477 13 436
948 39 250
97 10 391
484 30 148
109 45 146
216 8 418
124 32 202
400 1 351
667 18 240
274 40 17
204 9 391
487 21 434
7 29 478
983 36 454
756 48 124
849 36 227
712 24 229
886 48 194
64 11 52
78 49 48
913 45 493
585 39 263
204 3 85
19 3 30
94 21 422
676 30 189
958 14 67
825 49 384
4 24 420
114 15 229
468 6 311
907 25 212
839 1 368
112 48 185
863 26 96
978 19 225
117 50 51
567 20 43
942 38 90
118 14 375
488 7 485
730 50 385
904 44 96
156 49 487
50 36 11
769 16 469
448 3 59
343 2 307
234 47 166
520 16 137
796 43 149
412 25 422
828 2 68
769 40 91
81 40 121
926 14 73
213 50 233
226 38 412
709 41 402
395 45 10
284 29 32
3 24 408
976 16 387
361 41 134
132 38 421
648 9 182
364 38 49
80 24 75
110 44 94
998 29 281
216 19 500
350 11 495
205 39 454
773 17 39
972 4 252
513 46 485
634 36 401
585 47 5
351 8 256
533 46 422
806 6 34
766 44 460
796 23 177
18 18 483
862 19 328
254 49 227
58 45 173
688 36 302
673 20 351
737 2 35
66 12 215
347 11 135
158 8 171
746 23 273
235 4 71
693 1 98
130 48 479
585 13 74
250 11 291
308 41 355
397 27 389
465 31 110
461 29 64
738 3 301
492 30 207
55 42 202
557 12 456
467 19 399
762 10 337
565 16 315
779 32 45
606 19 457
400 34 317
353 6 128
619 41 332
355 32 48
12 33 199
382 28 11
701 21 485
989 13 390
278 9 303
358 45 142
722 47 361
501 24 106
359 13 358
625 38 62
171 23 98
515 20 107
427 17 470
558 27 221
437 28 225
321 24 260
741 38 1
500 39 280
544 40 147
62 7 279
634 8 120
821 18 191
623 15 4
692 46 330
150 45 238
607 9 265
241 8 377
551 19 188
500 25 475
327 35 85
637 26 401
387 26 168
329 33 36
539 16 436
541 25 9
64 2 418
992 41 100
252 23 420
497 12 65
965 7 411
73 8 489
126 33 457
563 36 344
734 31 63
452 10 18
196 48 143
522 32 93
675 43 446
34 28 381
707 26 153
519 45 160
23 44 114
259 36 133
570 5 2
501 10 131
106 34 453
418 21 445
460 2 133
398 2 345
620 19 363
149 37 236
819 22 347
16 45 285
958 9 288
538 9 133
683 22 120
5 36 393
838 1 148
587 23 340
687 44 66
401 21 299
863 48 43
211 13 311
195 3 12
335 6 121
115 41 256
32 26 411
350 28 191
372 27 477
478 6 430
745 23 226
146 21 488
365 44 351
89 7 170
802 38 54
634 32 38
356 44 382
392 22 437
331 35 329
8 17 230
100 47 11
344 23 178
688 14 72
522 13 185
469 24 177
456 27 79
457 43 42
776 36 317
923 33 30
27 23 449
362 38 318
772 49 380
745 48 155
672 20 45
558 23 468
917 27 102
955 50 326
886 19 131
21 45 101
536 41 362
496 41 398
87 23 235
109 48 427
725 17 21
325 24 424
360 33 448
485 40 187
746 14 80
423 41 170
746 26 369
948 45 139
223 42 436
760 20 377
816 5 140
705 30 183
639 45 151
427 32 411
198 12 297
316 44 428
87 24 398
354 48 467
714 25 293
971 25 353
510 5 373
115 24 256
98 22 294
832 40 437
936 3 59
954 8 98
754 34 296
421 2 280
111 24 40
826 8 88
536 42 205
858 10 237
535 23 353
549 24 260
847 42 22
422 45 17
590 49 59
627 48 404
732 43 229
642 42 174
141 3 67
799 45 174
280 26 295
988 6 237
183 27 435
451 41 351
394 37 483
279 49 123
644 9 95
293 48 157
712 50 12
16 12 351
41 12 478
587 3 72
979 12 277
324 24 162
936 37 284
562 45 17
44 50 151
757 22 264
358 2 416
205 28 498
239 23 213
988 49 195
494 33 230
984 32 170
771 48 308
194 41 474
864 47 133
691 31 451
650 50 430
151 5 471
502 48 240
179 40 295
467 40 37
452 15 414
861 13 427
52 17 483
66 5 128
748 35 318
307 12 260
594 44 86
97 6 338
773 26 235
18 29 231
38 39 393
438 30 106
790 38 378
465 36 235
214 2 460
56 44 84
873 46 473
186 46 119
69 23 402
895 40 383
304 34 455
108 13 182
42 41 107
807 24 108
492 42 355
871 27 76
964 24 114
665 49 27
561 24 337
6 41 125
562 18 182
470 43 32
646 45 191
493 29 47
471 3 441
609 2 113
705 15 422
240 45 321
628 21 488
768 47 327
80 18 177
757 49 147
512 8 291
695 50 270
642 5 302
278 38 18
418 43 194
306 42 3
101 48 108
750 12 260
183 29 166
668 1 470
873 24 477
775 12 488
815 16 461
928 40 141
450 49 229
772 32 16
865 9 464
444 10 168
75 16 489
177 18 296
598 9 282
837 26 422
894 40 294
724 32 41
219 9 198
363 1 497
465 5 86
351 6 222
943 4 135
650 20 346
115 48 384
