700 7 1
587 50 500
686 50 499
477 50 499
912 50 498
539 50 498
889 50 497
993 50 496
415 50 496
11 50 496
850 50 495
507 50 495
78 50 495
701 50 494
902 50 493
151 50 492
475 50 491
720 50 491
295 49 490
577 49 490
797 49 487
862 49 486
874 49 484
147 49 484
54 49 484
250 49 484
596 49 483
136 49 482
627 49 480
897 49 480
237 49 480
459 49 479
448 49 476
266 49 476
684 49 475
135 48 475
880 48 475
378 48 475
130 48 474
867 48 473
242 48 472
136 48 471
892 48 471
33 48 470
768 48 469
650 48 466
863 47 465
892 47 465
385 47 464
26 47 464
616 47 463
148 47 462
870 47 462
929 47 462
499 47 461
720 47 461
202 47 460
887 47 459
513 47 459
462 47 458
714 46 458
404 46 458
247 46 458
513 46 457
676 46 456
573 46 456
521 46 456
424 46 456
732 46 455
510 46 454
189 46 453
735 46 452
856 46 450
976 46 449
788 46 449
92 45 448
613 45 448
16 45 447
499 45 445
393 45 445
924 45 445
268 45 443
640 45 442
609 45 441
764 45 441
922 45 440
33 45 440
184 44 439
659 44 438
287 44 438
149 44 435
875 44 433
711 44 432
337 44 431
70 44 429
97 44 429
390 44 423
322 44 423
950 44 423
421 44 422
613 44 421
561 44 421
750 44 421
545 44 420
22 44 420
319 44 420
46 43 419
984 43 419
546 43 418
66 43 415
566 43 415
944 42 415
582 42 415
449 42 413
835 42 413
843 42 411
691 42 409
389 42 409
326 42 409
217 42 407
917 42 407
632 42 406
830 42 405
27 42 404
309 42 404
950 41 404
614 41 403
718 41 403
298 41 402
36 41 402
552 41 400
257 41 399
162 41 399
913 41 399
945 41 399
389 41 399
654 41 398
271 41 397
86 41 397
721 41 397
435 41 396
622 41 396
676 41 393
63 41 393
869 41 392
918 41 392
22 41 391
95 40 390
502 40 389
398 40 389
319 40 388
605 40 388
788 40 387
686 40 386
447 40 385
913 40 385
9 40 385
693 40 383
922 40 382
35 39 381
572 39 380
256 39 379
284 39 378
153 39 377
212 39 377
792 39 377
865 39 377
615 39 375
189 39 375
967 39 374
449 39 374
410 39 373
435 39 373
870 38 373
776 38 371
265 38 371
299 38 370
446 38 369
292 38 369
888 38 369
137 38 369
281 38 368
759 38 368
346 38 367
500 38 367
380 37 367
669 37 366
146 37 366
758 37 365
380 37 364
703 37 364
718 37 364
992 37 363
897 37 362
998 37 362
561 37 361
106 37 359
835 37 357
75 37 356
116 37 356
87 37 356
600 37 355
570 37 355
696 37 355
23 37 354
872 36 353
496 36 352
594 36 351
742 36 350
909 36 349
769 36 349
451 36 347
114 36 346
162 36 344
244 36 343
163 36 341
417 36 341
758 36 341
483 36 340
66 36 339
721 36 338
645 36 338
761 36 336
387 36 336
834 35 336
12 35 335
584 35 334
613 35 334
278 35 334
327 35 334
579 35 333
486 35 332
592 34 332
504 34 331
494 34 330
767 34 330
66 34 329
726 34 329
398 34 329
950 34 328
824 34 328
408 34 328
2 34 326
172 34 326
210 34 326
316 34 325
104 34 325
124 34 324
648 34 324
697 33 323
549 33 322
812 33 321
589 33 321
173 33 319
548 33 318
548 33 317
550 33 317
12 33 316
680 33 314
160 33 314
852 33 314
902 32 314
253 32 314
715 32 313
332 32 313
963 32 312
616 32 312
178 32 311
536 32 311
133 32 310
582 32 310
282 32 309
119 32 309
818 32 309
842 31 308
671 31 308
775 31 308
21 31 307
24 31 307
386 31 307
923 31 307
448 31 306
663 31 305
885 31 304
431 31 303
448 31 301
844 31 301
678 31 301
432 31 300
533 30 300
809 30 300
343 30 300
817 30 299
525 30 299
636 30 299
870 30 297
304 30 297
300 30 297
731 30 296
374 30 296
23 30 295
265 29 294
494 29 294
760 29 293
502 29 293
8 29 291
253 29 291
31 29 290
933 29 290
63 29 289
800 29 289
919 29 288
831 28 287
256 28 284
846 28 284
609 28 284
619 28 283
98 28 283
204 28 281
774 28 280
12 28 280
468 28 279
87 28 279
989 28 278
904 28 277
927 27 277
525 27 276
835 27 274
678 27 274
415 27 271
862 27 271
190 27 271
808 27 270
622 27 269
352 27 268
934 27 268
808 27 267
965 27 266
312 26 265
409 26 264
183 26 264
24 26 264
884 26 263
369 26 263
857 26 261
92 26 258
188 26 258
603 26 254
644 26 251
471 26 250
610 26 250
327 26 248
614 25 247
340 25 246
199 25 246
247 25 245
294 25 245
378 25 245
924 25 244
694 25 244
123 25 244
296 25 243
338 25 243
351 24 243
474 24 242
904 24 242
161 24 242
47 24 241
979 24 241
293 24 240
77 24 240
856 24 239
426 24 239
586 24 238
127 24 237
411 24 236
883 23 235
576 23 234
920 23 233
288 23 231
126 23 231
619 23 230
512 23 230
901 23 229
587 23 229
442 23 228
804 23 227
697 23 225
431 23 225
617 22 225
629 22 224
460 22 223
948 22 223
925 22 222
541 22 221
189 22 221
414 22 219
683 22 218
509 22 218
559 22 218
722 22 217
85 22 215
826 22 215
761 22 215
729 22 215
434 22 213
87 21 212
961 21 212
450 21 211
497 21 211
931 21 210
748 21 209
654 21 209
994 21 208
322 21 207
780 21 206
517 21 206
17 21 205
402 21 205
286 21 204
70 21 202
247 21 202
524 21 201
743 21 201
515 21 197
559 21 197
250 21 196
172 21 195
403 21 195
458 21 194
240 20 194
370 20 193
721 20 193
288 20 192
931 20 192
264 20 192
945 20 192
940 20 191
398 20 188
167 20 186
715 20 186
738 20 186
987 20 186
202 20 185
760 20 183
199 19 183
190 19 183
440 19 182
1 19 182
613 19 179
741 19 178
212 19 178
624 19 175
578 19 173
972 19 172
533 18 171
78 18 170
308 18 169
774 18 168
191 18 167
491 18 167
443 18 166
861 18 163
133 18 163
843 18 163
971 18 163
210 18 162
176 18 162
998 18 162
212 17 162
360 17 161
321 17 161
32 17 159
639 17 158
523 17 157
207 17 157
23 17 154
624 17 154
438 16 153
814 16 153
452 16 150
963 16 150
922 16 149
212 16 148
32 16 145
100 16 145
570 16 145
153 16 144
991 16 143
135 16 143
563 16 143
66 16 143
530 16 142
672 16 141
882 15 141
194 15 141
302 15 140
913 15 139
341 15 139
934 15 139
610 15 138
102 15 138
483 15 137
779 15 137
79 15 137
61 15 135
183 15 134
223 15 134
184 15 133
127 15 133
663 15 133
544 15 133
416 14 132
550 14 131
396 14 130
109 14 129
562 14 129
659 14 128
178 14 128
31 14 125
772 14 124
909 14 124
255 13 124
811 13 124
869 13 124
679 13 123
233 13 122
759 13 122
517 13 122
262 13 120
215 13 120
758 13 120
4 13 119
109 13 118
49 12 117
338 12 117
946 12 117
512 12 116
412 12 115
669 12 114
566 12 114
682 12 113
477 12 113
92 12 113
34 12 112
355 12 111
775 12 111
217 12 109
859 11 108
833 11 108
128 11 107
59 11 107
519 11 106
369 11 106
733 11 104
756 11 104
959 11 104
66 11 104
918 11 103
791 11 102
636 11 102
407 11 99
525 10 97
491 10 97
974 10 96
823 10 96
831 10 94
265 10 93
295 10 92
587 10 92
317 10 92
590 10 90
806 10 90
643 10 89
36 10 89
901 10 88
783 10 88
61 10 88
608 9 87
893 9 87
863 9 87
435 9 87
248 9 84
649 9 83
606 9 83
7 9 82
82 9 81
386 8 81
421 8 80
182 8 79
751 8 79
670 8 79
943 8 79
559 8 78
185 8 78
298 8 76
756 8 76
975 8 75
881 8 74
604 8 73
144 8 72
50 8 72
886 7 71
862 7 70
299 7 70
679 7 69
215 7 69
47 7 68
1 7 68
72 7 67
2 7 66
308 7 65
665 7 63
37 7 63
637 7 63
734 7 62
787 7 62
644 7 61
505 6 61
736 6 61
627 6 61
639 6 59
662 6 59
56 6 58
386 6 58
723 6 58
97 6 57
279 6 57
275 6 56
792 6 56
875 6 56
319 6 56
355 6 54
225 6 53
291 6 52
248 6 52
954 5 52
402 5 52
36 5 51
134 5 47
934 5 47
233 5 46
585 5 45
355 5 44
254 5 43
315 5 40
276 5 38
165 5 38
748 5 38
436 4 38
430 4 36
19 4 36
76 4 36
801 4 36
48 4 36
857 4 35
289 4 33
446 4 32
337 4 31
814 4 30
543 4 30
727 3 30
832 3 28
414 3 26
635 3 24
861 3 23
193 3 22
465 3 22
662 3 21
584 3 20
325 3 20
967 3 19
808 3 19
539 3 19
313 3 17
486 2 16
954 2 15
145 2 14
201 2 13
57 2 12
436 2 12
873 2 11
341 2 10
127 2 10
772 2 10
192 2 9
153 2 9
238 2 6
832 2 6
532 2 5
923 1 5
66 1 5
835 1 5
369 1 4
870 1 4
245 1 3
475 1 3
474 1 3
203 1 2
684 1 2
372 1 1
