500 4 10
997 1 1
229 1 4
251 1 4
542 1 6
274 1 6
853 1 7
312 1 7
371 1 8
269 1 9
702 1 9
812 1 10
819 2 11
7 2 11
166 2 11
916 2 12
130 2 13
956 2 13
295 2 16
529 2 21
167 3 24
221 3 24
25 3 25
560 3 25
165 3 26
237 3 27
911 3 29
596 3 31
47 3 31
114 4 33
334 4 33
690 4 33
933 4 33
273 4 34
215 4 36
817 4 36
475 4 37
174 4 41
645 4 42
500 4 43
608 4 43
575 5 43
962 5 44
461 5 44
724 5 44
348 5 46
572 5 46
695 5 47
34 5 47
750 5 47
469 6 48
224 6 48
493 6 49
377 6 49
248 6 49
97 6 49
151 6 50
591 6 50
535 6 51
668 6 52
196 6 53
386 7 54
82 7 57
929 7 57
910 7 60
269 7 61
553 7 61
261 7 62
906 8 63
399 8 63
907 8 63
575 8 64
615 8 64
174 8 65
383 8 65
80 8 66
215 8 68
20 8 72
215 8 72
367 8 72
365 8 73
384 8 73
421 9 74
838 9 74
350 9 76
156 9 76
534 9 77
580 9 78
405 9 80
535 9 81
811 9 83
680 10 88
143 10 89
654 10 89
342 10 90
687 10 92
253 10 92
827 10 93
121 10 93
146 10 94
847 10 94
186 10 94
882 10 94
55 10 95
5 10 96
140 10 96
698 11 96
841 11 97
881 11 98
50 11 99
853 11 100
423 11 100
240 11 101
592 11 101
437 11 101
767 12 104
880 12 106
747 12 106
783 12 106
741 12 107
428 13 111
504 13 111
847 13 111
196 13 111
698 13 113
83 13 113
822 13 114
319 13 115
741 13 116
969 13 116
145 14 116
540 14 117
494 14 118
994 14 119
662 14 119
469 14 120
109 14 121
518 14 122
64 14 122
29 14 123
854 15 124
19 15 124
585 15 125
572 15 125
431 15 127
352 15 128
991 15 128
871 15 128
925 15 129
570 15 130
703 15 130
183 16 131
103 16 134
272 16 137
446 16 138
292 16 139
698 16 140
476 16 141
599 16 142
509 16 143
891 17 143
601 17 145
526 17 148
727 17 148
427 17 149
52 17 150
107 17 152
176 17 152
52 17 152
528 18 153
450 18 154
447 18 155
530 18 156
730 18 157
416 18 158
345 18 159
861 18 160
493 18 161
912 19 161
586 19 162
163 19 163
51 19 163
347 19 163
975 19 163
810 19 164
794 19 164
885 19 165
884 20 165
795 20 165
6 20 166
724 20 166
295 20 167
98 20 169
344 20 169
236 20 171
111 21 173
362 21 176
475 21 178
510 22 178
530 22 179
62 22 179
334 22 185
983 22 185
890 22 188
129 22 189
107 22 190
476 22 190
652 22 191
335 22 191
556 22 191
812 23 191
717 23 192
357 23 193
21 23 194
582 23 194
376 23 194
394 23 197
657 23 197
488 23 197
88 23 200
593 24 204
188 24 205
225 24 206
55 24 206
39 24 208
770 24 209
591 24 209
713 24 210
831 24 210
971 24 210
218 24 211
1000 24 212
901 24 213
396 25 216
562 25 216
140 25 217
328 25 218
587 25 218
739 25 218
7 25 219
528 25 221
95 25 221
558 25 221
98 25 224
494 25 227
465 26 229
452 26 231
503 26 232
331 26 233
843 26 233
811 26 234
773 26 234
417 26 235
155 26 236
99 26 236
633 26 236
782 26 239
291 27 240
786 27 241
151 27 242
302 27 242
825 27 245
595 27 248
869 27 249
232 27 250
918 27 252
470 27 252
832 27 255
449 27 255
550 27 256
857 27 258
118 27 259
269 28 259
195 28 259
427 28 259
943 28 260
588 28 261
557 28 266
657 28 266
240 28 266
864 28 267
26 29 268
850 29 269
733 29 270
901 29 270
118 29 270
933 30 270
539 30 273
562 30 273
983 30 275
898 30 277
871 31 278
452 31 278
56 31 279
774 31 279
598 31 279
977 31 280
104 31 282
344 31 286
499 32 288
433 32 288
614 32 288
80 32 288
686 32 290
617 32 292
476 32 294
128 32 295
223 32 296
170 32 297
988 32 297
738 32 301
551 32 301
286 32 303
363 32 306
800 33 307
710 33 308
978 33 309
945 33 312
43 33 313
807 33 317
863 33 317
58 33 318
427 33 320
204 33 324
763 34 325
861 34 326
134 34 326
535 34 329
564 34 330
286 34 331
420 34 332
671 34 334
477 34 338
201 34 339
902 35 339
907 35 339
161 35 340
957 35 340
670 35 340
398 35 342
748 35 343
739 35 344
378 35 344
111 35 344
776 36 344
706 36 344
195 36 345
491 36 345
741 36 346
577 36 347
666 36 348
353 36 348
570 37 350
104 37 351
561 37 352
322 37 352
760 38 353
931 38 353
127 38 353
748 38 354
287 38 356
915 38 356
13 38 357
561 38 359
631 38 362
195 38 363
774 38 364
600 39 365
720 39 366
420 39 366
708 39 367
168 39 368
197 39 368
989 39 370
653 39 374
677 39 374
387 39 374
595 39 375
829 39 376
984 39 377
584 39 378
329 39 380
180 39 380
287 39 381
775 39 382
140 40 383
320 40 383
790 40 385
903 40 388
702 40 389
109 40 389
800 40 390
11 41 391
541 41 392
113 41 395
270 41 395
301 41 396
575 41 396
772 41 396
395 41 396
955 41 396
268 41 396
717 42 397
161 42 397
579 42 399
871 42 399
104 42 399
84 42 401
755 42 401
850 42 403
826 42 405
194 43 406
993 43 407
966 43 407
687 43 407
299 43 408
137 43 408
684 43 408
419 43 410
538 44 410
949 44 411
427 44 411
517 44 414
184 44 415
534 44 417
534 44 418
370 44 418
457 45 419
769 45 423
857 45 423
765 45 424
717 45 424
917 45 426
944 45 426
996 45 427
126 45 428
129 45 430
420 45 431
806 46 431
561 46 434
138 46 435
771 46 435
904 46 436
107 46 436
842 46 437
603 46 438
855 46 438
537 46 438
125 46 439
978 46 440
327 47 440
148 47 441
804 47 441
693 47 442
122 47 444
807 47 445
284 47 446
155 47 447
925 48 448
782 48 449
441 48 449
38 48 450
524 48 452
957 48 453
395 48 454
149 48 457
110 48 458
930 48 460
27 48 460
200 49 461
155 49 462
24 49 463
839 49 464
586 49 464
841 49 466
193 49 467
513 49 468
620 49 469
934 49 471
799 49 471
398 49 471
588 49 471
80 49 478
606 49 480
594 49 482
545 50 482
376 50 484
546 50 486
848 50 486
369 50 488
910 50 490
625 50 491
815 50 491
105 50 492
621 50 492
77 50 493
73 50 493
848 50 494
663 50 496
713 50 496
397 50 499
