650 1 2
772 33 35
286 11 76
137 46 79
26 32 306
656 43 99
437 32 94
107 9 132
631 19 467
903 20 250
118 39 8
797 28 44
475 27 385
308 2 337
899 15 476
729 45 201
113 43 43
984 12 171
614 35 491
762 50 408
592 15 11
98 37 275
24 9 279
591 31 373
951 38 333
446 32 303
239 36 28
315 39 393
119 20 248
8 40 382
521 14 16
919 19 411
996 28 267
12 27 109
174 25 73
750 28 84
414 48 247
180 23 479
785 29 211
444 45 456
380 27 149
236 29 82
200 30 239
691 50 485
15 27 184
261 36 179
738 7 50
843 9 417
299 10 307
213 6 382
301 38 86
796 32 248
625 41 456
871 38 358
282 32 386
746 47 36
890 20 176
333 39 488
153 38 131
613 50 6
886 26 176
390 20 178
143 11 210
3 14 14
379 6 231
349 7 112
159 43 141
835 47 59
97 7 255
617 13 427
605 34 19
464 5 433
961 20 446
194 28 367
5 23 396
224 6 280
860 1 84
991 1 388
970 9 467
215 35 358
9 15 129
609 41 28
444 8 426
244 6 149
24 21 394
171 20 415
122 41 451
950 14 79
332 9 6
305 4 136
997 5 44
267 13 294
230 29 268
314 13 424
45 30 86
574 12 108
683 22 432
948 35 73
853 17 384
892 19 84
518 16 445
618 47 353
643 15 47
83 19 108
170 36 206
980 16 361
203 21 346
559 6 108
96 12 278
548 26 357
721 5 447
817 3 100
887 50 191
456 5 354
629 10 102
869 47 137
96 22 391
817 12 24
217 49 142
111 43 217
552 46 161
632 39 10
719 45 306
539 22 381
457 29 219
383 42 27
503 35 66
727 38 277
273 18 389
787 12 243
917 36 405
278 38 28
515 43 206
404 6 155
511 48 468
330 9 404
916 28 91
614 42 346
917 30 453
398 39 65
901 45 292
48 16 242
553 13 491
422 18 250
279 45 95
927 7 351
910 12 323
229 48 462
629 33 417
926 17 123
630 38 395
266 43 87
995 19 266
828 17 110
180 8 78
23 14 64
764 3 133
850 47 193
953 29 483
455 34 304
480 50 175
224 10 374
98 41 116
306 50 133
347 27 496
315 40 339
447 18 48
800 2 395
810 45 451
781 42 473
911 43 34
823 7 300
505 13 265
457 42 187
928 33 73
442 49 365
216 4 303
385 1 392
18 2 28
158 19 407
307 33 340
806 40 81
484 26 62
227 20 96
72 18 53
459 11 193
231 35 223
268 27 213
43 44 270
967 23 236
607 27 181
853 9 494
613 13 271
398 6 47
401 42 418
783 13 329
994 16 381
426 25 347
629 13 89
818 20 298
137 20 23
899 14 367
158 5 329
639 10 243
863 26 362
344 27 444
935 41 286
943 6 197
884 19 481
626 50 428
870 25 354
294 40 285
702 13 22
76 36 142
350 29 315
133 23 321
484 31 105
376 11 10
620 23 170
319 18 106
394 38 239
217 14 221
84 7 245
786 45 334
739 2 390
329 29 469
404 6 371
944 4 410
212 38 113
238 22 484
535 42 401
91 6 300
541 22 15
6 12 30
980 6 409
554 11 44
130 29 337
844 4 196
901 40 263
316 11 189
495 15 213
430 18 303
645 43 28
279 28 114
370 49 101
765 48 363
881 31 314
772 8 378
122 13 103
727 18 210
728 47 10
138 5 370
573 48 198
309 5 440
237 13 393
500 6 369
479 17 147
749 45 365
897 1 146
177 19 206
910 42 298
667 8 114
142 37 274
423 9 95
33 9 7
97 13 62
639 39 11
36 48 334
344 21 81
575 12 317
445 48 134
810 13 306
487 28 409
273 24 190
635 14 487
302 45 91
99 28 41
740 2 6
369 21 55
340 28 191
15 12 44
293 43 308
381 47 193
850 32 136
680 34 158
159 3 474
230 23 263
590 26 175
852 19 460
790 15 390
587 32 156
621 44 152
466 27 86
460 12 333
641 38 350
939 11 292
666 4 395
280 47 181
787 11 134
593 7 289
652 6 142
766 27 142
354 5 277
439 37 256
509 48 395
887 22 44
20 44 310
135 13 189
206 8 424
63 47 259
553 46 262
378 6 475
150 34 181
884 24 5
545 42 395
731 18 203
896 18 464
466 21 389
218 27 149
957 9 284
671 9 283
464 44 285
199 26 128
434 6 53
77 15 356
326 27 329
523 6 419
642 13 98
43 23 146
503 34 330
11 48 291
261 4 45
162 41 413
701 20 474
89 8 238
639 5 102
815 19 272
629 26 38
933 5 174
982 41 211
573 9 64
672 17 208
839 46 87
146 50 323
228 33 117
242 34 444
680 49 113
256 46 132
511 46 262
43 48 317
103 26 489
836 47 267
987 17 18
72 42 53
56 21 451
226 17 67
859 19 301
21 24 362
231 11 376
489 8 31
976 16 249
514 43 390
714 11 445
756 31 238
525 37 17
599 4 146
686 13 267
989 15 365
729 24 64
157 48 195
113 43 235
591 40 405
445 25 364
883 11 384
629 39 466
823 21 410
53 45 178
770 37 149
452 16 95
199 26 388
138 50 439
437 20 192
247 25 189
752 29 304
197 20 385
569 41 434
514 13 260
579 3 12
864 20 251
613 42 79
962 17 152
627 28 276
687 15 232
621 36 271
807 15 473
409 8 253
843 25 426
289 16 87
236 22 206
165 42 64
398 3 199
461 42 412
484 26 212
877 2 439
18 18 92
797 13 131
312 37 227
853 47 45
852 41 38
696 19 17
347 24 8
131 16 448
382 37 167
494 39 21
439 49 311
252 8 489
737 8 442
31 7 384
769 34 352
23 39 238
336 27 248
1 31 66
792 26 265
204 11 452
201 49 410
981 24 1
707 36 462
194 44 408
767 26 72
551 16 459
529 36 141
131 17 253
451 1 456
248 22 144
266 44 221
998 31 249
80 17 149
290 24 176
715 26 299
296 38 192
885 12 71
496 44 371
104 8 112
87 23 30
629 45 215
431 34 308
931 34 357
508 44 240
842 36 323
630 24 333
106 48 134
859 50 143
976 33 3
205 21 353
180 18 122
809 40 217
653 16 265
925 45 10
700 49 309
49 13 485
165 29 40
716 47 479
615 29 166
917 11 286
635 29 4
34 4 255
136 11 399
101 24 84
396 28 114
622 35 185
804 9 392
901 13 186
277 42 413
150 28 39
280 31 352
177 39 92
660 31 181
287 15 196
143 4 285
53 19 162
492 29 385
450 19 458
335 45 459
923 33 402
106 43 105
23 43 482
340 26 267
13 24 208
660 12 155
520 35 361
437 33 285
836 29 299
521 23 253
13 43 211
19 15 263
980 50 83
491 34 235
896 6 498
497 45 274
173 11 122
192 40 419
500 21 72
309 28 211
368 43 484
600 14 94
127 19 86
62 39 156
643 19 9
728 4 7
392 32 259
262 15 50
490 3 270
884 16 456
407 37 417
679 23 234
59 39 111
259 11 81
633 26 171
682 15 159
549 33 404
669 25 89
581 46 303
122 10 235
589 41 22
823 42 243
741 9 315
689 17 331
574 36 333
766 13 393
860 20 152
97 16 281
756 33 145
449 22 152
833 7 374
547 47 44
628 9 138
809 23 380
677 27 155
670 10 155
690 19 225
339 3 221
159 14 415
509 44 19
175 22 197
270 7 356
730 50 89
963 34 232
727 30 27
368 48 127
447 45 393
539 27 356
292 29 462
777 33 498
141 8 42
920 15 38
217 33 126
667 13 211
545 42 351
348 27 233
934 6 388
681 38 150
484 47 93
293 26 473
860 3 480
828 36 210
696 20 455
466 1 380
725 9 64
44 23 36
30 34 343
716 43 262
58 11 261
979 27 382
144 23 385
888 34 462
633 38 83
85 23 120
581 26 363
841 36 157
18 32 264
963 31 363
446 48 444
739 30 281
230 49 406
767 27 124
389 9 2
450 33 223
388 35 408
201 9 15
237 29 14
370 29 119
761 39 436
119 32 85
546 3 170
712 41 129
162 38 443
451 43 4
638 7 155
230 22 369
472 5 333
246 35 202
669 2 161
332 44 424
599 18 255
826 4 342
878 32 385
955 4 102
532 44 275
798 4 473
374 49 350
212 14 372
866 35 376
858 35 50
50 40 28
381 6 490
536 34 415
617 29 33
586 43 142
212 29 178
802 40 262
453 21 73
701 35 486
213 2 172
402 48 236
205 9 411
340 43 266
678 17 62
586 11 354
796 10 222
15 41 38
738 22 297
776 44 313
411 39 386
438 1 234
483 31 330
957 33 357
414 49 181
630 17 448
889 32 307
563 41 182
932 16 135
576 8 379
664 36 185
602 21 202
903 33 35
535 24 489
62 33 175
973 23 362
275 20 474
742 32 374
43 32 158
