250 1 2
227 25 120
939 11 298
479 30 339
240 14 311
985 35 270
114 39 134
113 23 158
454 12 463
923 14 351
28 18 109
22 47 246
409 41 286
358 13 386
48 35 166
610 25 117
265 5 14
640 14 62
597 15 91
658 46 314
429 7 156
531 46 432
1 14 187
13 22 13
98 38 209
612 18 262
676 9 193
111 2 248
760 21 107
437 24 231
330 30 166
4 27 168
598 5 219
147 39 114
175 14 7
951 18 323
957 41 192
645 27 277
771 42 130
85 41 292
18 14 253
498 11 344
941 32 234
658 14 485
461 9 489
125 15 355
940 32 395
687 21 354
646 49 188
648 37 441
281 7 476
973 27 213
798 36 222
131 11 290
449 11 479
938 12 279
107 3 35
519 50 96
631 19 55
6 48 65
853 36 385
636 32 438
407 7 445
730 6 424
93 38 390
499 1 265
830 17 182
85 20 420
501 10 383
656 26 417
238 48 481
195 33 251
490 26 114
544 3 104
637 39 372
684 46 487
422 33 221
979 10 423
773 45 414
485 3 258
833 22 255
630 47 130
87 19 91
102 20 87
143 29 195
9 27 362
930 26 497
912 49 138
509 26 113
887 12 146
224 22 375
929 2 456
317 33 69
591 4 49
359 40 351
95 31 497
600 10 233
807 17 412
902 1 314
567 48 2
938 5 26
647 35 256
430 44 19
56 41 351
793 42 50
737 23 480
529 47 430
895 37 58
887 34 8
787 36 81
719 31 43
65 25 442
344 17 192
199 3 95
123 2 46
687 47 384
396 15 144
552 12 135
790 28 211
138 19 113
229 23 369
49 30 30
754 30 122
861 20 245
100 4 448
131 45 346
790 37 162
840 48 51
852 50 7
683 41 500
826 4 191
95 29 197
562 36 207
598 17 167
345 22 317
495 44 443
372 36 488
786 35 171
260 35 137
705 4 45
374 33 204
410 43 459
758 50 85
726 29 146
580 28 99
934 39 241
794 43 37
582 13 365
665 41 140
605 30 195
337 31 362
605 31 2
486 36 141
952 11 304
889 45 436
139 15 384
654 50 224
532 29 263
808 29 328
608 46 499
461 45 90
403 17 360
982 19 62
202 33 162
512 24 225
608 46 90
129 50 53
660 5 484
431 28 125
758 8 146
778 34 420
484 3 12
238 43 397
100 38 91
861 2 38
456 47 114
900 39 324
631 41 186
959 12 68
261 18 64
602 40 179
83 12 468
17 33 291
820 40 62
13 13 194
959 29 406
929 14 164
314 49 118
663 32 295
45 12 493
200 40 214
76 14 153
502 12 392
484 26 317
767 17 335
93 46 407
607 37 341
906 10 437
379 14 12
244 4 454
85 41 337
713 42 472
864 27 376
406 48 143
579 43 177
588 36 134
642 9 17
860 11 437
841 20 358
270 49 333
398 46 349
337 43 71
180 8 490
416 47 459
896 27 316
828 6 192
749 35 456
620 43 375
855 16 298
885 40 190
491 13 357
387 1 260
643 7 453
111 34 65
763 40 454
472 29 62
759 10 25
146 27 202
733 28 125
376 26 11
594 47 67
58 37 208
970 37 208
743 28 118
8 28 188
857 35 38
602 25 218
447 16 416
599 25 22
573 45 416
2 8 367
415 48 315
644 35 243
190 11 108
641 6 240
206 48 104
163 13 362
888 31 17
307 38 351
763 44 492
870 16 192
