750 7 4
225 25 446
225 8 356
253 41 59
141 32 150
253 30 33
253 48 64
225 22 361
169 23 325
113 48 13
169 42 400
169 50 159
253 8 289
85 15 20
225 28 313
141 23 35
57 37 190
57 26 238
113 47 144
197 12 486
169 8 149
57 49 126
253 16 135
197 47 480
253 17 166
29 43 377
29 41 300
169 32 151
85 48 446
57 26 116
113 6 223
113 12 172
253 1 148
141 29 147
85 24 348
141 21 124
29 28 85
253 8 396
57 42 238
57 36 487
57 47 309
225 44 190
253 2 139
253 2 288
141 23 229
197 15 110
225 22 69
253 2 385
29 38 47
29 33 249
253 27 170
197 14 50
29 42 29
29 19 305
29 32 153
85 43 176
29 27 151
29 49 494
169 39 324
169 12 204
253 20 11
85 30 76
29 35 187
57 38 123
57 35 118
85 47 450
57 32 103
225 39 170
141 37 305
85 34 375
85 3 243
141 12 6
225 35 281
29 19 393
57 11 72
85 39 77
169 6 473
85 26 164
169 43 327
57 4 240
57 11 12
85 40 484
113 50 234
225 13 37
225 16 355
253 46 422
85 40 452
197 35 473
253 32 177
57 43 155
197 39 329
113 33 459
29 47 5
253 42 430
85 23 374
57 9 437
57 6 104
169 35 161
113 33 482
29 23 392
29 22 325
169 49 322
57 44 235
169 44 176
57 36 397
57 30 35
113 17 8
113 10 389
169 10 296
57 17 429
113 46 411
29 42 144
197 12 99
29 19 109
85 39 458
253 24 202
197 3 100
197 41 162
141 22 475
169 22 262
197 28 93
169 37 191
169 21 219
169 48 376
169 1 72
169 31 49
113 9 137
169 20 150
169 20 435
169 20 270
169 21 428
113 38 191
85 39 448
225 42 465
141 45 141
29 45 47
57 9 356
113 38 73
141 21 198
85 31 321
29 11 95
29 50 317
225 48 389
113 17 101
141 28 104
85 25 46
169 36 289
197 8 297
85 37 378
85 9 64
141 16 160
253 42 260
169 12 471
85 14 387
253 28 213
253 44 482
57 16 104
253 2 66
113 25 468
57 9 402
57 46 446
85 9 474
85 1 129
57 9 218
113 48 172
113 13 221
57 27 171
225 49 305
225 2 347
29 25 346
169 1 54
85 34 248
197 30 324
169 20 365
29 42 336
113 28 175
197 43 313
141 13 72
141 23 368
225 5 167
85 34 39
169 21 317
29 35 329
57 37 225
57 26 462
29 24 419
141 8 91
85 14 442
85 12 34
141 2 496
169 6 275
253 39 113
253 37 254
169 40 377
85 4 86
197 17 190
113 43 333
57 39 277
57 20 343
85 40 328
57 9 338
197 4 300
141 12 205
141 3 63
113 21 189
253 29 424
29 7 318
169 44 278
169 28 467
85 2 463
225 10 65
253 42 460
57 43 245
225 23 259
29 6 224
113 7 162
197 34 219
141 18 479
141 42 258
113 35 31
197 40 388
85 35 367
197 26 314
57 36 103
141 23 99
253 41 486
113 48 154
29 13 11
113 17 189
169 33 329
57 49 278
85 28 30
197 9 188
113 37 96
141 24 239
197 34 90
85 34 108
197 26 170
85 46 17
85 39 302
141 16 145
253 3 58
197 17 3
85 34 291
85 42 162
253 36 404
29 6 295
197 5 383
29 14 334
57 13 310
141 20 169
57 1 66
57 17 380
57 40 475
57 18 65
113 22 124
113 24 197
57 49 123
85 33 201
253 45 496
113 43 289
197 21 218
141 44 417
57 34 122
197 43 54
57 32 282
169 46 47
253 23 300
57 4 415
29 14 196
169 10 438
225 27 459
169 7 17
29 22 122
113 24 167
197 9 265
141 24 245
113 2 223
197 38 227
169 33 88
29 36 10
169 8 42
57 19 100
29 38 34
85 45 89
197 4 145
57 44 448
113 2 300
29 34 459
169 26 154
29 33 444
253 23 481
225 47 234
253 48 382
113 40 290
169 33 471
225 49 372
197 10 370
141 38 133
197 45 413
141 3 125
29 27 324
85 16 258
253 24 317
197 13 332
113 32 287
197 9 288
57 24 465
29 32 467
29 45 121
57 50 468
57 7 217
85 4 348
85 9 281
225 34 132
169 11 364
57 9 291
169 22 96
225 13 299
253 47 351
85 9 277
253 30 496
85 40 395
85 40 123
225 3 311
85 4 256
141 39 226
85 36 75
253 5 281
29 49 100
113 6 133
253 20 38
253 28 106
57 42 252
141 9 95
225 21 24
113 17 194
113 1 125
169 6 11
197 10 284
253 18 406
141 9 245
85 29 38
225 20 466
197 35 451
197 15 156
225 39 120
141 38 119
141 23 475
225 9 392
57 23 445
197 24 481
141 9 233
85 43 53
253 16 81
141 27 66
57 2 328
113 36 437
29 7 197
141 23 377
169 29 222
57 44 139
169 42 265
169 28 103
141 47 7
85 24 356
197 27 438
57 7 156
57 28 334
197 47 8
169 19 303
141 11 334
85 10 275
57 38 207
141 3 425
57 8 316
225 44 409
225 14 210
141 34 33
141 49 276
225 47 55
169 29 273
141 1 264
29 34 386
253 7 197
85 1 400
253 47 138
29 13 429
113 6 133
225 22 47
197 43 7
169 46 445
169 13 27
225 2 232
225 38 110
113 4 271
57 22 282
85 40 286
85 1 431
29 7 85
141 12 297
141 2 59
29 12 32
29 34 82
141 6 163
253 39 179
29 15 257
141 33 445
197 43 392
29 46 5
169 37 14
29 4 406
141 40 189
197 35 384
253 48 94
253 38 222
141 26 474
169 28 318
253 22 266
85 27 461
253 31 366
57 46 361
169 34 235
29 11 106
57 39 443
253 40 487
141 36 394
225 29 3
29 3 337
85 43 236
197 13 74
253 45 63
29 6 282
29 45 23
57 5 87
253 18 92
169 27 5
197 44 341
225 50 41
225 46 234
169 6 480
169 25 275
225 32 480
113 18 222
29 12 355
225 43 440
113 7 65
57 45 118
57 34 187
57 28 235
169 6 466
29 7 417
141 46 195
225 17 383
169 23 151
141 17 182
57 40 431
253 35 499
141 34 56
141 13 98
57 6 467
253 23 377
57 38 434
169 5 199
57 10 419
57 4 392
169 20 123
57 45 321
197 27 17
169 48 486
169 43 463
197 3 320
253 23 106
169 50 221
57 17 238
85 20 156
169 34 23
85 43 14
225 21 87
225 41 276
85 17 445
197 24 35
113 27 378
85 25 310
57 28 305
197 31 33
57 17 377
253 17 28
113 49 206
253 7 118
141 50 237
169 5 89
85 44 156
85 35 26
85 40 253
141 11 331
253 19 213
197 28 42
113 24 97
253 22 368
197 42 431
169 50 489
225 32 170
197 24 121
141 26 110
29 15 43
113 36 176
29 37 59
85 20 360
197 45 184
253 17 225
141 14 309
113 23 216
225 10 206
141 24 161
113 10 475
225 6 199
57 15 348
85 7 255
29 2 232
113 22 114
197 21 210
141 46 344
169 16 411
169 38 28
225 27 334
169 2 246
225 10 60
113 20 195
253 8 276
113 5 72
197 20 46
85 32 23
197 14 403
253 38 285
253 18 94
141 29 140
197 45 380
225 38 143
57 23 87
141 48 434
225 45 160
113 24 347
225 41 457
169 6 219
113 44 91
225 13 71
29 4 9
29 21 461
141 35 311
57 34 287
197 44 66
85 17 224
253 17 404
169 20 305
57 7 369
253 7 467
29 21 205
113 18 168
113 28 471
169 49 247
29 39 140
169 6 425
141 24 347
113 7 186
253 43 323
169 6 245
197 19 344
29 19 347
197 10 94
85 46 282
253 21 1
57 6 426
29 38 189
169 28 481
29 12 353
29 18 475
169 15 427
253 25 281
253 27 135
141 33 35
225 31 35
197 16 135
29 7 442
113 4 343
113 5 332
197 46 313
197 34 398
113 20 170
113 27 35
197 18 81
225 39 98
85 34 470
225 30 468
85 19 62
29 30 22
169 41 218
253 5 357
225 9 27
253 7 289
169 31 372
113 46 227
197 12 414
113 18 261
197 2 342
57 2 460
197 8 419
57 14 3
225 40 183
169 40 298
113 14 98
57 33 274
141 38 313
197 44 198
85 7 137
169 45 124
197 3 161
29 45 309
113 49 159
197 29 195
225 29 327
253 9 177
141 43 59
85 28 58
169 30 271
113 39 81
85 35 394
29 11 268
85 45 293
141 48 93
253 18 289
57 10 439
169 47 438
225 34 236
57 45 278
169 12 166
85 9 176
113 20 439
169 6 60
197 1 433
197 14 353
253 35 356
85 15 318
197 9 357
57 32 279
253 38 134
253 32 198
225 40 92
225 26 375
141 28 260
57 7 100
197 12 459
29 12 96
141 44 337
169 13 159
85 35 308
141 22 75
197 25 398
29 38 254
29 46 280
253 13 398
113 49 351
169 36 356
225 45 380
85 29 183
57 36 252
225 4 62
225 50 164
113 4 415
113 39 352
85 29 414
113 29 485
57 5 203
225 31 277
197 48 442
141 34 29
253 23 278
225 30 190
141 1 294
169 35 218
85 50 380
253 8 374
57 49 275
169 16 467
57 50 380
225 20 334
225 50 145
29 6 118
29 13 466
85 10 49
197 14 48
113 43 338
169 15 45
85 45 232
57 44 224
29 12 378
113 4 332
225 10 189
169 27 499
85 29 353
197 30 327
169 37 391
141 26 244
113 33 340
85 24 281
197 44 424
57 7 113
197 9 409
253 18 484
197 26 71
85 49 433
29 7 334
141 14 38
57 33 112
225 41 341
253 17 126
197 25 179
169 46 149
253 17 193
197 48 94
57 49 412
225 18 364
225 9 496
85 37 340
253 26 162
113 28 319
85 17 53
85 17 320
169 7 436
169 6 189
141 13 392
113 25 270
29 49 100
225 17 266
29 23 465
225 41 139
29 33 449
225 2 194
253 48 368
253 12 38
253 33 39
253 45 272
29 50 499
141 37 316
253 30 386
197 15 405
141 44 120
29 43 29
85 25 213
225 27 236
113 11 431
