500 6 9
997 50 499
263 50 499
817 50 498
165 50 497
237 50 496
487 50 496
657 50 493
126 50 493
726 50 492
391 50 492
732 50 492
929 50 491
616 50 491
516 50 490
508 49 489
285 49 489
135 49 488
47 49 487
360 49 485
170 49 483
32 49 483
402 49 483
887 49 483
887 49 482
657 48 482
543 48 482
547 48 481
565 48 481
962 48 481
457 48 480
613 47 480
152 47 479
732 47 476
387 47 476
610 47 475
333 47 473
964 47 472
751 47 471
183 46 470
991 46 469
27 46 468
254 46 466
142 46 465
348 46 465
413 46 462
182 46 461
932 46 459
717 46 459
501 46 459
691 46 458
318 46 458
810 46 457
841 46 456
508 46 455
512 45 453
619 45 453
279 45 453
398 45 453
673 45 451
828 45 449
236 45 449
182 45 449
126 45 449
688 45 446
700 44 446
335 44 445
338 44 442
158 44 442
516 44 441
851 43 441
47 43 440
225 43 439
727 43 438
726 43 438
212 43 433
81 43 433
144 43 433
502 43 428
51 43 426
231 43 426
5 43 426
247 42 425
574 42 425
605 42 423
637 42 423
4 42 422
165 42 422
796 42 421
262 42 420
800 41 418
238 41 417
311 41 417
421 41 416
226 41 416
953 41 416
197 41 415
763 41 415
246 41 414
511 41 413
844 41 411
912 41 411
863 40 411
919 40 410
737 40 409
974 40 409
635 40 407
284 40 406
916 40 404
205 40 403
248 40 403
319 40 403
23 40 401
894 40 401
962 40 399
628 40 399
327 40 397
831 39 396
966 39 396
547 39 396
580 39 395
578 39 395
352 39 393
390 39 392
299 38 391
538 38 389
513 38 389
778 38 388
634 38 388
547 38 387
565 38 386
932 37 386
515 37 385
812 37 385
840 37 384
945 37 383
514 37 383
476 36 383
33 36 381
89 36 381
160 36 379
542 36 379
726 36 378
442 36 377
234 36 374
723 36 372
751 35 372
629 35 370
492 35 368
915 35 368
375 35 367
798 35 366
639 35 366
127 35 366
108 35 366
661 35 365
594 35 365
478 35 364
320 34 363
860 34 362
748 34 362
761 34 361
752 34 360
757 34 357
687 34 357
997 34 356
9 33 355
450 33 353
944 33 353
477 33 352
379 33 351
552 33 350
659 33 350
570 33 349
86 33 349
440 33 344
540 33 343
392 33 343
185 32 342
371 32 341
808 32 341
541 32 338
81 32 338
618 32 337
314 32 336
369 32 335
822 32 331
512 32 331
473 31 330
565 31 330
706 31 330
924 31 329
127 31 326
97 31 325
714 30 325
182 30 324
684 30 323
494 30 320
375 30 320
941 30 317
161 30 317
973 30 317
438 30 316
299 30 316
784 30 315
354 30 314
755 30 310
182 30 310
392 30 309
568 30 308
365 30 308
348 30 308
295 30 307
218 29 305
258 29 302
34 29 302
464 29 300
572 29 300
427 29 300
89 28 300
117 28 299
436 28 298
547 28 297
30 28 294
198 28 294
808 28 291
745 28 291
908 28 290
974 28 289
900 28 288
412 28 285
607 28 284
622 27 282
272 27 282
894 27 281
248 27 280
171 27 279
580 27 278
153 27 278
744 27 277
659 27 276
329 26 275
783 26 274
443 26 274
125 26 274
406 26 274
982 26 273
203 26 272
134 26 267
147 26 266
415 26 266
566 26 266
920 26 265
286 26 265
143 25 265
405 25 263
741 25 262
519 25 261
415 25 258
513 25 257
969 25 256
458 25 256
702 25 255
420 24 255
950 24 254
977 24 252
791 24 250
137 24 244
600 24 244
491 24 243
669 24 242
714 24 240
688 24 239
557 24 238
354 24 238
564 23 237
839 23 236
932 23 235
479 23 235
857 23 234
600 22 233
788 22 231
678 22 231
209 22 230
232 22 230
679 22 230
963 22 229
206 22 229
945 22 229
781 22 228
497 22 227
627 21 225
113 21 225
629 21 225
897 21 224
727 21 224
362 21 224
134 21 223
580 21 222
252 21 222
859 21 221
124 21 221
18 21 221
615 20 221
828 20 219
82 20 218
35 20 216
388 20 215
871 20 214
920 20 213
627 20 213
319 20 211
881 20 210
321 20 210
387 19 210
624 19 209
559 19 208
484 19 208
722 19 207
772 19 206
974 19 205
789 19 205
139 18 204
469 18 200
899 18 199
600 18 197
143 18 197
102 18 197
889 17 196
89 17 196
459 17 194
980 17 193
344 17 193
946 17 192
756 16 191
868 16 191
594 16 190
810 16 190
607 16 188
629 16 188
754 16 187
406 16 186
293 16 180
930 16 175
230 16 174
143 15 172
259 15 172
79 15 171
19 15 171
961 15 167
304 15 166
388 15 166
135 15 166
195 15 165
248 15 165
891 15 164
225 15 164
567 15 162
678 15 161
898 15 160
885 15 160
703 15 160
494 14 159
22 14 158
107 14 157
306 14 156
695 14 156
276 14 154
959 14 154
10 14 153
280 14 153
133 14 152
92 13 152
155 13 151
450 13 150
333 13 148
898 13 147
907 13 145
98 13 143
352 13 142
86 12 141
328 12 139
498 12 138
314 12 137
320 12 136
450 12 131
597 11 128
89 11 124
632 11 121
31 11 120
633 11 120
386 11 120
506 11 119
852 10 119
802 10 118
268 10 118
289 10 117
879 10 117
656 10 116
644 10 116
455 10 115
182 10 114
938 10 113
190 10 113
209 10 110
995 10 110
76 9 106
230 9 105
417 9 105
287 9 104
668 9 104
504 9 104
462 8 104
543 8 104
499 8 103
490 8 102
711 8 101
936 8 100
894 8 100
107 8 98
820 8 98
675 8 98
716 8 97
160 8 97
605 7 96
405 7 95
218 7 95
147 7 95
236 7 94
813 7 94
418 7 93
384 7 93
805 7 93
74 7 93
851 7 92
862 7 89
702 7 89
537 7 89
17 7 88
934 7 83
273 6 83
504 6 82
253 6 80
148 6 80
366 6 78
146 6 78
951 6 78
103 6 77
789 6 76
751 5 75
647 5 75
718 5 75
450 5 75
967 5 71
292 5 71
424 5 70
873 5 70
308 5 68
852 5 68
640 5 68
65 5 66
505 4 66
530 4 64
844 4 64
909 4 64
754 4 63
549 4 63
640 4 59
533 4 58
105 4 57
148 4 56
108 4 56
619 4 55
738 3 54
784 3 53
415 3 53
57 3 51
668 3 50
978 3 46
70 3 44
865 3 42
277 3 41
516 3 38
796 3 36
932 3 34
416 2 32
796 2 31
96 2 30
411 1 23
389 1 22
706 1 17
238 1 12
372 1 11
734 1 11
794 1 10
811 1 9
708 1 9
306 1 7
701 1 5
873 1 3
35 1 1
