700 3 9
82 5 77
109 22 411
163 38 249
244 8 201
217 28 246
190 27 272
28 19 450
82 2 253
217 38 231
244 44 452
82 4 455
82 42 445
55 43 234
136 21 463
28 34 108
190 21 492
190 34 204
109 38 177
109 8 11
109 33 70
163 40 45
190 3 356
163 30 272
109 50 108
55 47 347
55 3 327
109 6 377
136 19 138
217 46 352
28 4 11
163 47 469
82 31 298
190 1 328
109 6 104
244 8 277
244 10 291
136 44 41
136 24 292
136 23 421
28 9 496
244 45 266
109 40 253
136 14 98
244 23 219
82 49 112
163 32 309
136 41 498
82 40 13
136 44 30
217 5 408
82 2 106
55 43 484
244 10 276
163 37 465
82 25 176
190 28 188
217 45 366
190 10 13
55 26 120
244 49 331
244 33 495
55 44 226
109 7 457
190 31 16
28 45 55
136 19 416
217 3 317
82 19 235
163 18 195
190 10 142
163 34 486
163 44 292
28 42 261
136 12 484
136 50 309
109 20 82
28 24 180
82 13 144
109 9 148
217 35 226
28 49 178
55 28 347
136 25 496
190 43 117
244 40 424
109 10 43
55 18 225
244 3 243
190 33 328
55 45 63
55 17 497
55 46 422
136 15 142
109 47 315
109 13 37
136 1 64
28 20 364
163 32 330
190 43 131
244 46 245
28 29 444
190 1 138
28 11 362
109 25 69
244 31 336
82 19 16
109 42 7
244 39 377
55 29 329
136 8 440
244 27 424
244 32 464
55 26 126
136 36 407
190 26 100
82 37 222
136 42 201
109 29 304
109 16 374
109 38 397
136 37 27
163 46 441
82 2 84
190 7 456
244 21 80
136 19 145
28 8 312
109 29 258
217 44 330
190 33 447
136 7 269
55 39 455
109 44 439
109 45 148
244 42 160
244 29 102
190 42 447
136 13 306
28 48 434
109 19 200
109 24 496
217 50 161
55 24 194
136 18 205
82 3 201
163 42 48
28 43 127
109 8 158
82 43 161
217 6 310
136 17 384
28 41 169
190 50 337
217 25 10
109 49 457
109 48 172
163 44 18
55 22 361
190 34 258
244 42 361
217 18 261
217 12 239
136 29 404
28 22 156
82 6 285
28 31 161
55 45 20
136 1 149
109 38 322
163 47 402
82 35 160
136 16 24
163 30 188
28 42 435
55 31 72
136 39 230
190 44 183
190 28 46
55 45 481
163 26 261
109 34 111
109 33 40
28 16 449
109 12 137
190 38 193
136 44 335
109 33 284
190 44 227
28 30 79
28 42 192
244 30 224
82 33 355
82 11 41
190 42 393
109 5 148
217 33 465
55 46 473
28 44 115
244 46 258
244 44 141
217 7 1
163 5 135
163 37 54
136 5 204
190 47 430
136 40 463
28 45 496
109 50 399
136 17 392
55 20 176
109 15 138
109 5 324
109 12 233
190 12 46
82 40 495
82 22 191
190 45 422
55 39 384
55 18 176
163 39 272
244 40 8
190 50 363
136 37 257
109 21 31
136 28 90
109 18 178
217 25 353
82 16 236
217 40 432
190 5 272
136 14 23
217 13 125
82 25 96
28 13 474
190 48 56
82 2 289
28 2 333
28 8 40
244 10 21
190 35 404
82 25 256
82 3 175
28 20 54
163 47 346
109 12 479
163 50 357
109 22 322
55 1 129
136 18 290
28 27 200
28 35 90
190 48 499
55 19 201
163 27 361
190 22 357
55 27 240
109 15 408
163 17 337
136 27 290
217 27 89
244 30 473
109 49 491
163 11 246
217 17 326
163 49 8
163 27 375
136 14 477
82 36 26
136 35 309
28 27 353
217 5 287
217 35 445
28 16 423
244 34 298
82 37 132
109 24 420
55 2 446
82 34 47
136 29 264
244 34 41
82 13 435
55 41 480
190 41 230
244 37 305
190 49 425
190 17 249
55 28 297
136 34 303
190 12 475
82 45 416
163 46 333
190 34 74
136 3 113
82 20 288
109 6 175
136 13 484
217 48 343
163 37 309
55 33 451
55 16 284
136 2 188
190 13 376
55 25 43
55 16 82
136 20 353
82 49 214
82 22 429
28 14 308
28 2 450
109 36 418
28 46 339
163 40 92
55 2 235
136 28 412
82 2 480
82 11 453
55 33 240
163 34 353
190 37 383
217 37 272
163 22 255
163 8 1
190 8 288
55 33 386
28 34 179
163 6 231
217 2 222
28 25 187
163 11 346
244 9 313
136 20 436
55 30 58
163 1 24
82 38 160
82 39 424
163 23 251
28 4 306
190 17 143
244 20 157
244 17 69
28 27 146
28 50 96
244 3 326
190 31 338
55 6 297
55 2 159
190 45 171
109 15 176
109 34 199
190 18 245
136 16 274
55 2 172
163 41 276
163 21 8
109 19 459
217 4 78
244 30 52
55 26 37
217 26 280
190 10 351
55 40 457
109 38 210
109 43 321
55 19 392
109 3 133
82 33 322
163 36 110
109 11 159
163 8 198
136 21 216
55 31 388
82 25 385
190 38 498
217 39 227
28 9 486
190 49 339
109 1 173
82 15 278
55 29 217
55 25 253
109 43 190
244 40 267
163 8 191
244 9 425
190 3 446
55 41 126
82 29 400
217 37 340
190 33 339
244 4 356
163 34 56
109 16 472
163 10 288
82 41 450
55 36 81
55 36 387
244 13 448
190 15 56
82 50 386
28 13 108
217 2 466
55 11 70
28 17 261
217 16 164
82 42 87
28 47 106
244 31 285
55 1 463
244 33 318
163 37 165
55 12 500
55 45 344
55 42 264
109 45 145
244 18 232
109 3 372
55 25 73
109 45 115
28 12 33
55 4 443
217 44 73
82 18 434
244 23 378
217 32 118
82 29 396
163 10 375
244 19 442
109 5 174
190 14 352
82 12 68
244 16 258
190 44 20
136 21 444
109 29 469
55 39 318
109 26 462
55 24 321
190 42 494
82 30 337
244 35 130
109 10 382
136 9 195
82 2 485
109 7 450
163 11 462
55 1 421
217 9 391
136 22 8
28 41 178
136 19 43
244 10 492
136 41 312
82 36 65
28 25 46
28 25 19
136 7 25
28 10 211
217 9 201
190 30 354
55 22 73
190 38 46
217 18 28
109 10 300
163 33 420
217 11 53
217 36 180
163 19 353
136 15 280
190 44 431
109 32 317
136 45 197
136 15 395
55 50 496
217 44 229
163 20 47
217 39 419
190 8 267
244 39 77
109 9 271
163 35 427
136 7 415
244 7 397
190 50 191
136 30 443
217 47 412
109 36 492
82 30 394
136 38 304
109 39 138
28 20 281
244 19 438
190 26 421
55 11 334
55 23 430
163 20 252
136 33 305
82 28 349
244 27 384
190 34 103
109 14 462
55 16 374
136 23 369
109 30 2
82 35 88
55 14 492
244 45 122
163 5 320
190 45 25
82 16 60
55 5 476
190 7 353
190 28 36
82 15 33
244 2 430
109 22 138
163 35 494
109 12 362
28 15 484
28 20 3
217 27 405
82 16 218
163 39 219
217 39 338
28 38 486
136 24 234
136 44 433
109 4 472
217 31 457
28 25 232
244 4 369
190 37 283
28 48 247
163 31 329
217 41 316
163 36 339
55 15 115
82 39 250
244 47 12
109 13 442
82 43 418
136 49 108
136 21 194
55 45 351
136 24 106
217 23 440
55 10 265
244 22 243
55 7 159
82 20 146
82 44 254
244 17 343
82 21 218
55 30 65
82 42 35
244 24 221
109 28 238
244 35 485
82 30 218
82 24 178
190 22 125
244 42 375
163 22 482
163 13 127
136 11 351
217 1 177
28 40 488
163 4 288
244 22 438
109 5 322
55 6 324
82 29 86
244 16 170
163 33 36
55 4 383
163 3 440
28 3 123
28 36 9
217 22 55
82 16 276
55 18 334
244 14 452
163 3 278
136 32 424
55 29 497
55 1 269
109 10 216
109 44 177
244 4 272
55 6 397
217 3 51
136 13 173
109 25 85
136 9 340
136 6 500
163 49 365
28 10 51
136 18 445
136 27 156
244 1 365
82 6 211
28 6 244
136 12 289
163 7 407
163 15 396
55 39 499
82 12 460
82 41 116
217 18 345
55 21 46
217 17 344
163 22 154
55 25 341
109 26 29
55 9 129
28 7 212
55 22 232
244 31 208
244 48 227
109 1 328
136 36 125
55 47 163
190 34 381
28 25 198
136 43 304
136 22 388
136 26 307
244 5 302
136 37 462
82 20 30
82 49 388
55 4 375
190 25 391
217 10 160
190 7 113
55 16 287
55 2 392
28 38 486
190 50 179
109 7 164
109 10 82
217 50 392
163 49 72
136 5 225
82 31 75
109 29 225
55 41 166
55 29 3
55 23 212
28 4 184
217 20 255
82 13 439
82 25 111
190 8 74
82 11 349
136 25 199
136 21 256
55 50 176
82 10 194
163 42 149
28 2 268
82 22 128
217 1 105
217 3 257
136 2 306
163 4 358
217 22 13
163 44 108
82 2 171
55 29 268
244 28 426
244 28 319
28 14 120
190 47 184
136 35 46
163 31 465
136 32 277
109 46 251
136 49 465
28 5 87
109 9 25
55 47 135
163 12 305
217 23 385
217 27 382
28 43 166
55 18 358
136 48 203
244 40 476
82 4 26
55 7 178
136 2 192
136 31 478
163 11 401
136 22 313
28 27 159
136 30 152
244 44 190
28 22 412
217 34 143
217 31 384
