50 6 9
284 46 37
328 39 395
422 14 48
461 1 489
533 49 230
257 6 87
694 18 213
486 15 371
315 7 487
62 16 249
206 5 404
560 13 41
949 16 284
933 48 29
681 28 138
489 34 307
756 50 290
31 15 482
935 47 425
874 29 241
559 47 8
805 2 137
546 3 455
504 24 38
538 42 184
444 46 21
871 21 245
913 29 424
488 8 458
546 3 332
750 44 355
282 17 293
379 43 330
25 9 210
615 5 49
151 25 185
372 31 56
977 28 108
275 18 438
956 46 82
467 26 100
227 33 254
35 13 270
704 40 136
636 38 163
896 36 141
72 38 315
193 37 57
500 31 251
704 6 254
