600 3 10
633 1 499
182 1 499
881 1 498
564 1 495
612 1 495
197 1 494
691 1 494
450 1 494
328 1 494
607 1 492
813 1 491
800 1 489
344 1 488
157 1 487
599 1 486
637 2 486
944 2 486
928 2 485
441 2 484
119 2 484
185 2 484
344 2 483
100 2 483
494 2 483
20 2 483
761 3 482
589 3 480
779 3 479
744 3 479
759 3 477
447 3 476
943 3 476
274 3 473
122 3 472
380 3 470
72 3 470
568 3 469
924 3 469
488 4 465
726 4 465
114 4 464
39 4 463
290 4 463
284 4 463
565 4 462
517 4 460
663 4 458
666 4 457
645 4 456
743 4 455
221 4 455
208 4 455
927 5 453
14 5 452
369 5 452
836 5 450
112 5 450
616 5 449
77 5 446
92 5 446
981 5 446
682 6 445
769 6 444
432 6 443
505 6 441
213 6 441
413 6 441
814 6 439
708 6 438
75 6 437
609 6 436
505 6 435
46 6 435
688 7 435
498 7 435
708 7 432
984 7 432
853 7 430
129 7 430
103 7 429
426 7 429
583 7 428
688 7 428
900 7 427
727 7 426
734 7 426
724 7 426
852 7 425
210 7 424
170 8 423
618 8 422
955 8 422
475 8 422
288 8 422
904 8 421
82 8 421
41 8 420
290 8 420
265 9 420
875 9 419
734 9 419
93 9 419
939 9 418
654 9 417
130 10 416
188 10 415
713 10 415
698 10 414
141 10 414
914 10 414
496 10 413
592 10 412
788 10 411
668 10 411
345 10 410
921 10 410
86 10 407
820 11 406
98 11 406
640 11 404
796 11 403
330 11 402
129 11 402
858 12 402
636 12 401
837 12 401
174 12 400
338 12 399
841 12 398
63 12 398
211 12 397
233 12 396
896 12 396
239 13 395
834 13 395
682 13 395
472 13 394
104 13 393
524 13 392
676 13 390
447 13 390
247 13 389
274 13 389
896 13 389
454 13 388
154 14 388
401 14 388
603 14 386
808 14 386
947 14 386
663 14 384
373 14 383
916 14 382
412 14 381
244 14 381
311 14 380
52 14 375
996 14 375
360 14 373
284 14 371
802 15 370
839 15 370
63 15 370
838 15 368
846 15 365
316 15 365
419 15 364
625 15 362
582 15 361
384 15 360
14 15 360
517 15 359
75 15 359
665 15 359
945 16 359
893 16 359
11 16 359
669 16 357
526 16 356
684 16 355
945 16 354
136 16 353
511 16 351
143 16 351
757 16 350
251 16 350
178 16 349
941 16 348
937 17 347
186 17 347
98 17 346
44 17 346
345 17 343
510 17 343
98 17 343
997 17 341
717 17 340
33 17 340
968 17 339
975 17 338
759 17 337
753 17 334
35 18 334
609 18 334
596 18 333
811 18 333
899 18 332
481 18 331
241 18 330
145 18 329
884 18 329
866 18 328
220 18 328
702 19 327
726 19 326
778 19 326
131 19 325
461 19 324
852 19 323
273 19 322
756 19 322
106 19 322
135 19 321
645 19 321
107 19 321
672 20 319
319 20 319
659 20 317
57 20 316
226 20 315
965 20 315
880 20 315
759 20 314
709 20 314
24 20 313
45 20 312
239 20 311
330 20 311
362 20 309
745 20 308
571 20 306
570 21 304
662 21 303
104 21 301
773 21 301
97 21 300
296 21 299
825 21 299
434 21 297
965 22 297
217 22 297
662 22 297
44 22 295
424 22 295
61 22 292
60 22 291
210 22 290
241 22 290
811 22 289
602 22 289
830 23 288
10 23 288
840 23 287
735 23 287
35 23 287
874 23 287
904 23 287
36 23 286
472 23 286
602 23 285
299 24 284
496 24 284
686 24 283
204 24 282
712 24 281
434 24 279
330 24 279
351 24 279
305 24 278
913 24 277
671 24 276
919 24 275
186 25 274
424 25 272
91 25 271
946 25 271
55 25 270
173 25 270
308 25 270
21 25 266
425 25 264
280 25 264
215 25 264
965 25 263
260 25 263
289 25 262
245 25 262
994 25 262
592 25 261
226 25 261
851 25 260
670 25 258
850 25 257
660 26 257
388 26 256
379 26 256
327 26 254
301 26 252
93 26 251
225 26 250
76 26 247
462 26 247
732 26 246
895 26 244
469 26 244
475 26 243
118 26 243
121 26 242
408 26 241
220 26 240
140 27 240
416 27 240
445 27 239
977 27 239
641 27 237
376 27 234
981 27 233
658 27 232
219 27 229
891 27 227
475 27 227
876 28 226
435 28 226
34 28 224
899 28 224
335 28 223
379 28 221
283 28 221
70 28 219
172 28 218
363 28 217
926 28 217
191 28 217
644 28 213
95 28 213
873 29 212
613 29 212
884 29 212
329 29 209
508 29 209
902 29 207
453 29 207
622 29 206
575 30 206
348 30 206
279 30 205
264 30 205
559 30 204
846 30 204
741 30 203
312 30 203
527 30 202
254 30 200
404 30 197
821 30 197
283 30 195
778 30 195
758 31 194
637 31 194
736 31 192
209 31 191
435 31 189
231 31 188
575 31 187
860 31 185
527 31 184
699 31 184
849 31 183
639 31 183
918 32 182
199 32 182
565 32 181
987 32 181
91 32 180
638 32 179
900 32 179
241 32 178
320 33 178
511 33 177
413 33 175
877 33 175
792 33 175
864 33 174
92 33 174
812 33 174
880 33 173
444 33 172
757 33 172
451 33 171
405 33 170
72 33 169
782 33 168
925 34 168
455 34 167
590 34 167
763 34 166
417 34 163
170 34 163
612 34 162
659 34 162
542 34 162
189 34 161
429 34 159
48 34 155
84 34 155
275 34 155
233 35 154
996 35 153
697 35 153
343 35 152
891 35 152
430 35 150
84 35 149
253 35 148
927 35 147
132 35 147
873 35 147
36 35 146
150 35 146
531 35 146
721 36 146
359 36 142
663 36 139
681 36 138
454 36 138
498 36 137
388 36 137
580 36 133
216 36 133
554 36 131
638 37 130
715 37 130
495 37 129
293 37 128
702 37 126
986 37 125
909 37 125
473 37 124
394 37 124
51 37 124
151 37 124
449 37 121
511 37 121
855 38 120
208 38 119
993 38 119
273 38 118
645 38 118
618 38 117
578 38 117
84 38 116
545 38 116
794 38 116
641 38 115
278 38 115
774 38 113
190 38 113
770 38 113
676 39 111
430 39 107
950 39 105
275 39 104
470 39 104
661 40 101
101 40 99
251 40 98
351 40 98
414 40 98
562 40 97
537 40 96
476 40 95
933 40 94
215 41 92
128 41 91
161 41 90
188 41 88
773 41 87
48 41 87
378 41 87
105 41 86
26 41 85
976 41 85
45 41 84
645 41 84
745 41 83
615 42 83
690 42 81
631 42 80
620 42 79
427 42 79
723 42 79
910 42 78
487 42 78
257 43 76
318 43 76
829 43 76
348 43 74
34 43 74
420 43 74
529 43 74
647 43 74
102 43 73
93 43 71
671 43 71
150 43 70
754 44 70
154 44 70
784 44 70
639 44 69
165 44 69
279 44 68
158 44 67
70 44 67
833 44 66
963 44 65
816 44 63
289 44 62
541 44 61
205 44 61
433 44 61
721 45 60
231 45 60
805 45 59
527 45 59
951 45 58
175 45 58
500 45 56
432 45 56
433 45 56
62 45 55
449 45 55
471 45 55
744 45 54
397 45 54
176 45 54
827 45 48
839 46 45
675 46 44
929 46 44
320 46 43
58 46 41
678 46 41
163 46 39
7 46 39
281 46 38
202 46 37
491 46 37
936 46 36
223 46 35
743 46 34
853 46 34
153 46 34
91 46 34
308 47 33
709 47 33
958 47 32
442 47 31
770 47 31
147 47 29
496 47 29
519 47 28
268 48 27
841 48 25
947 48 23
969 48 22
450 48 20
450 48 20
78 48 19
631 48 18
317 48 18
624 48 16
127 49 15
226 49 15
893 49 13
890 49 11
463 49 10
95 49 9
318 49 9
616 49 8
881 49 8
751 49 8
144 49 6
125 49 5
681 50 5
949 50 5
237 50 3
792 50 3
735 50 2
996 50 1
406 50 1
