200 2 1
597 1 497
531 1 492
253 1 491
73 1 490
379 2 489
450 2 485
574 2 484
301 2 480
747 2 480
764 3 478
697 3 478
475 3 477
338 4 477
737 4 467
257 4 460
868 4 457
77 5 456
804 5 456
559 5 451
170 5 445
88 6 445
730 6 442
886 6 441
297 6 438
122 6 438
160 6 433
556 6 430
246 6 429
377 6 428
201 7 428
893 7 425
420 7 422
693 7 416
244 8 411
117 9 409
173 10 406
572 10 406
12 10 405
346 10 401
717 10 396
257 11 395
201 11 394
252 11 393
987 11 392
690 11 390
203 11 388
434 12 387
281 12 387
789 12 382
999 12 381
482 13 377
298 13 368
125 14 367
835 14 366
733 14 364
315 14 361
807 14 358
507 14 355
197 14 355
738 15 354
443 15 351
838 15 348
179 15 346
867 15 345
778 15 343
578 15 341
481 16 340
946 16 337
843 17 334
419 17 329
505 17 322
194 17 321
97 17 320
859 17 313
856 18 311
396 18 310
261 18 309
380 18 309
99 18 305
859 18 302
691 18 293
817 19 290
156 19 288
364 19 277
195 19 273
226 19 272
505 19 272
812 20 268
527 20 264
982 20 264
145 20 249
289 21 246
308 21 244
339 21 239
100 21 239
458 23 238
959 23 238
689 24 233
478 24 233
771 24 230
277 24 229
924 24 228
823 24 226
944 24 226
103 25 223
856 25 222
634 26 222
474 27 221
592 27 208
743 27 196
472 27 194
544 27 194
444 27 193
646 27 192
920 27 191
469 28 186
718 28 182
790 28 181
446 28 180
135 28 179
694 28 174
726 28 173
653 28 173
824 29 171
510 29 169
781 29 169
818 30 169
93 30 168
376 30 166
365 30 163
79 30 161
108 30 161
678 31 157
995 31 154
728 32 153
770 32 153
709 33 147
755 35 146
749 35 142
706 35 142
286 35 139
257 35 138
796 35 136
378 35 136
378 36 131
594 36 129
115 36 125
72 36 122
394 37 111
241 37 110
599 37 105
697 37 104
529 37 98
29 37 97
748 38 96
338 38 95
686 38 94
207 39 91
226 39 90
392 39 89
169 40 85
666 40 83
408 41 80
153 41 73
41 41 67
291 41 67
519 41 67
21 42 66
464 42 63
560 42 61
894 42 60
727 43 60
124 43 58
557 43 58
173 44 57
622 44 56
195 44 56
257 45 55
424 45 50
329 45 48
82 45 47
567 45 46
818 46 44
151 46 44
170 46 41
289 46 38
523 47 37
43 47 35
664 47 35
518 48 31
744 48 30
630 48 29
775 48 26
796 48 26
582 49 17
423 50 14
347 50 13
377 50 13
578 50 8
149 50 2
