400 2 3
2 1 500
924 1 500
891 1 499
383 1 496
402 1 493
145 1 493
582 2 492
435 2 488
374 2 488
885 2 485
853 2 485
929 3 478
886 3 477
384 3 477
410 3 475
606 3 475
935 3 474
476 3 470
289 3 469
97 3 466
816 4 466
797 4 464
542 4 463
712 4 463
769 4 461
863 4 459
112 4 455
315 4 454
73 4 454
799 4 453
158 5 453
537 5 452
97 5 451
714 5 449
293 5 449
321 5 448
411 5 448
617 5 448
667 6 447
65 6 446
505 6 443
678 6 443
243 6 443
898 6 442
35 7 441
656 7 439
821 7 436
773 7 434
57 7 433
954 7 432
585 7 432
174 7 431
464 7 426
467 7 425
944 7 425
543 8 424
821 8 423
390 8 423
663 8 422
584 8 422
228 8 421
953 8 417
313 9 417
361 9 416
3 9 415
498 9 414
928 9 414
202 9 413
888 9 411
718 9 410
656 9 409
434 9 408
251 10 407
771 10 405
456 10 404
299 10 402
681 10 399
189 10 397
790 10 396
263 11 396
967 11 395
246 11 393
965 11 392
628 11 392
39 11 391
638 11 389
814 11 387
42 12 386
226 12 385
491 12 384
296 12 384
782 12 384
490 12 383
377 12 383
221 12 381
567 12 381
219 12 380
994 13 378
171 13 377
517 13 375
885 13 374
465 13 373
571 13 373
497 13 372
248 14 370
505 14 370
425 14 369
944 14 368
237 15 367
746 15 366
313 15 366
345 15 365
93 15 365
307 15 363
490 16 363
622 16 361
513 16 357
939 16 357
698 16 355
599 16 355
373 16 354
265 16 352
182 16 352
505 16 351
985 16 350
148 17 348
60 17 347
390 17 338
413 17 338
173 17 338
751 17 337
974 17 336
400 18 336
553 18 336
174 18 336
700 18 336
717 18 335
786 18 332
753 18 331
667 18 330
291 18 328
396 18 328
41 18 327
391 18 324
1000 18 324
501 18 323
620 18 320
848 18 319
337 18 317
502 18 316
161 19 316
576 19 315
208 19 314
582 19 314
198 19 313
934 20 311
875 20 310
990 20 309
923 20 307
259 20 307
165 20 307
191 20 307
74 21 306
834 21 304
803 21 303
23 21 303
814 21 301
757 21 299
517 21 297
883 22 297
869 22 296
322 22 294
926 22 293
118 22 290
644 22 290
660 22 289
634 22 288
848 22 287
813 22 286
438 22 284
412 23 284
42 23 283
207 23 283
794 23 281
857 23 280
725 23 280
595 24 278
240 24 278
740 24 278
794 24 274
974 24 274
594 24 272
423 25 270
396 25 270
567 25 269
36 25 269
682 25 268
98 25 268
527 25 262
881 25 262
196 25 259
440 25 258
256 25 257
56 25 255
787 26 253
381 26 253
988 26 252
701 26 251
145 26 249
192 26 248
379 26 248
100 26 248
597 26 247
251 26 247
344 27 245
545 27 241
899 27 241
490 27 239
73 27 237
379 27 233
369 28 233
653 28 232
9 28 232
487 28 229
535 28 226
240 28 226
67 28 226
448 28 225
659 29 223
404 29 222
229 29 221
987 29 220
894 29 219
110 29 217
239 29 216
961 29 215
398 29 212
101 30 211
526 30 211
62 30 211
296 30 203
777 30 202
210 30 201
599 30 200
425 30 196
199 30 195
296 30 193
449 30 191
714 31 188
17 31 185
261 31 185
443 31 181
718 31 180
426 31 178
464 32 176
381 32 173
458 32 171
679 32 170
889 32 170
258 32 169
88 32 168
185 33 167
524 33 166
177 33 163
55 33 163
575 34 163
549 34 162
234 34 160
114 34 159
145 34 157
927 34 156
971 34 155
211 34 155
519 34 153
933 34 152
330 35 152
524 35 152
983 35 151
75 35 151
309 35 150
250 35 148
606 35 147
650 35 145
285 35 138
303 35 137
598 35 135
654 35 135
617 35 133
426 35 132
181 36 132
230 36 130
263 36 129
797 36 128
438 36 128
896 36 127
309 36 126
827 36 125
193 36 124
94 36 123
238 36 123
516 37 122
589 37 118
889 37 117
216 37 116
494 37 116
798 38 116
544 38 116
834 38 115
370 38 112
977 38 111
333 38 111
570 39 109
96 39 109
381 39 108
476 39 107
868 39 106
871 39 106
132 39 106
577 39 106
159 39 104
157 39 101
110 39 101
69 39 100
874 39 98
879 40 97
318 40 97
516 40 94
36 40 91
791 41 86
502 41 82
455 41 81
81 41 81
415 41 80
982 41 78
985 41 78
752 42 78
494 42 77
58 42 77
48 42 74
345 42 73
102 43 72
689 43 69
257 43 66
196 43 65
622 43 65
937 43 64
464 44 63
189 44 59
507 44 59
912 44 58
643 44 58
427 44 57
862 44 57
830 45 52
234 45 52
967 45 50
586 45 50
422 45 50
142 45 47
450 45 43
501 45 42
395 46 42
635 46 39
504 46 39
321 46 39
120 46 38
275 46 36
216 46 36
293 46 31
55 47 31
40 47 30
397 47 30
540 47 29
378 47 29
45 47 28
263 47 27
138 47 27
376 47 25
625 48 24
922 48 23
367 48 21
888 48 20
754 48 19
649 48 18
737 49 17
777 49 16
674 49 14
691 49 14
506 49 12
690 49 12
625 50 11
835 50 10
179 50 9
765 50 9
598 50 7
517 50 6
331 50 5
606 50 4
987 50 3
700 50 1
