300 6 4
970 50 496
738 50 489
637 50 488
483 50 486
930 50 486
465 49 486
582 49 481
315 49 476
175 49 474
572 49 469
442 49 467
766 48 465
133 48 460
947 48 460
846 48 455
944 48 454
859 48 454
374 48 451
94 48 450
934 47 448
277 47 447
653 47 447
112 47 444
703 47 441
527 47 436
972 47 436
944 47 435
73 46 435
622 46 434
2 46 430
41 45 429
276 45 429
236 45 428
401 45 422
117 44 422
404 44 421
400 44 417
696 44 416
906 44 414
962 44 412
976 44 411
739 44 411
449 44 409
793 43 406
764 43 404
580 43 401
891 43 397
750 42 386
944 42 385
331 42 382
682 42 381
960 41 380
654 41 378
241 41 376
745 41 376
815 41 374
661 41 373
322 41 370
433 40 369
722 40 367
42 40 366
697 40 365
265 40 365
216 40 363
257 40 362
165 40 361
658 40 358
296 40 355
928 39 355
801 39 354
748 39 353
276 39 353
296 38 353
330 38 352
432 38 347
440 38 346
625 37 344
793 37 342
132 37 342
609 36 342
721 36 339
8 36 337
372 36 336
288 36 334
801 35 333
809 35 332
555 35 332
349 34 331
29 34 330
442 34 329
93 33 328
457 33 328
181 33 328
277 33 323
112 33 323
403 33 321
780 33 314
740 33 314
519 33 314
36 32 312
892 32 309
418 32 307
890 31 306
463 31 306
612 31 301
476 31 300
702 31 296
568 30 292
24 30 291
598 30 291
140 30 288
149 30 288
811 30 286
10 30 285
409 30 283
865 29 282
716 29 279
995 29 279
674 29 275
253 29 275
170 29 274
223 28 273
665 28 271
42 27 271
492 27 270
859 27 266
976 27 264
346 27 264
162 27 259
193 27 259
561 27 258
476 27 256
930 26 255
85 26 254
903 26 252
21 26 251
448 26 251
29 25 248
437 25 245
196 25 241
845 25 240
302 25 239
177 25 238
358 25 236
50 25 236
171 24 235
981 24 235
480 24 234
401 24 234
665 24 234
418 24 234
179 24 231
376 24 230
846 24 229
593 23 228
130 23 227
68 23 226
303 23 226
887 22 226
119 22 224
22 22 224
561 22 222
963 22 221
579 22 217
516 22 215
159 22 215
600 22 214
628 22 213
838 21 210
18 21 207
914 21 207
664 21 207
731 21 204
223 20 204
743 20 203
16 20 202
200 20 200
738 20 199
171 20 198
785 20 198
381 20 197
240 19 194
879 19 193
932 19 193
92 19 192
306 19 191
296 19 189
788 19 187
279 18 186
877 18 184
311 18 184
143 18 184
532 18 180
694 18 180
931 18 174
718 18 173
55 17 171
460 17 170
47 17 165
847 17 164
653 17 162
814 17 162
400 16 159
874 16 158
408 16 157
475 16 156
736 15 156
104 15 155
156 14 154
704 14 154
344 14 152
966 14 151
812 14 148
195 14 145
942 14 145
714 14 143
658 14 142
31 13 140
802 13 140
37 13 139
410 13 138
577 13 137
782 13 136
102 13 136
569 12 129
670 12 128
442 12 126
712 12 124
519 12 122
735 12 121
570 12 121
17 12 117
222 11 114
949 11 109
917 11 106
147 11 103
126 11 103
911 10 102
65 10 102
504 10 100
839 10 100
378 10 100
432 9 100
318 9 98
410 9 97
632 9 97
361 9 90
650 9 86
404 8 86
57 8 84
733 8 83
665 8 82
792 8 79
486 8 79
399 8 77
705 8 76
296 8 73
733 7 70
471 7 70
29 7 70
592 7 69
30 7 67
779 7 67
272 6 63
111 6 60
403 6 59
18 6 58
881 6 58
251 6 51
838 6 51
975 5 50
573 5 50
415 5 49
53 4 47
174 4 46
59 4 42
555 4 42
913 4 40
806 4 35
864 3 33
265 3 22
589 3 22
51 3 22
459 3 21
287 3 21
609 3 20
743 3 14
402 3 14
278 3 13
669 2 13
60 2 10
507 2 10
606 2 8
163 2 6
72 1 5
79 1 5
675 1 4
653 1 4
150 1 1
872 1 1
