800 4 10
504 1 6
279 1 6
508 1 7
619 1 7
120 1 7
657 1 8
647 1 8
964 1 8
233 1 9
128 1 9
647 1 9
611 1 10
242 1 10
92 1 10
516 2 10
607 2 10
653 2 11
829 2 11
413 2 12
412 2 12
292 2 13
656 2 14
73 2 14
949 2 15
431 2 15
339 2 15
710 2 16
716 2 16
420 2 16
18 2 17
385 3 17
226 3 18
219 3 18
764 3 20
626 3 22
787 3 22
901 3 22
391 3 23
555 3 23
464 3 24
993 3 25
559 3 25
446 3 25
448 3 26
122 3 26
662 3 26
912 3 27
40 3 27
272 3 27
414 3 27
214 3 28
543 3 28
226 3 29
322 3 31
98 4 31
383 4 32
293 4 33
706 4 33
50 4 34
733 4 34
524 4 35
117 4 35
677 4 36
762 4 36
28 4 36
49 4 36
11 4 37
266 4 37
946 4 37
982 4 38
432 4 41
761 4 41
987 4 41
448 4 42
580 5 42
181 5 43
31 5 44
779 5 44
234 5 46
119 5 46
555 5 47
849 5 47
275 5 48
91 5 49
946 5 51
607 5 52
511 5 52
279 5 53
520 6 53
126 6 54
631 6 55
729 6 55
75 6 56
293 6 56
601 6 57
80 6 57
158 6 57
363 6 58
529 7 58
324 7 60
259 7 62
578 7 62
921 7 62
802 7 62
300 7 62
447 7 62
253 7 62
24 7 64
781 7 64
14 7 66
101 7 67
727 7 68
458 7 68
539 7 69
48 7 69
118 7 70
617 7 70
75 7 72
601 7 73
738 7 73
12 7 74
513 7 76
849 7 78
11 7 78
5 7 78
300 8 79
641 8 79
274 8 79
294 8 81
213 8 82
169 8 82
687 8 82
812 8 83
287 8 83
170 8 83
959 8 83
599 8 83
575 9 84
261 9 84
499 9 85
817 9 86
971 9 88
398 9 88
324 9 90
240 9 90
991 9 91
240 9 91
218 9 92
266 9 92
514 9 92
182 9 93
11 9 94
860 9 95
687 9 95
987 9 96
296 10 96
863 10 96
656 10 96
311 10 96
899 10 98
615 10 98
572 10 99
263 10 100
581 10 100
657 10 100
625 10 101
616 10 103
909 10 104
577 10 104
621 10 106
143 11 106
283 11 109
685 11 110
374 11 110
344 11 110
602 11 111
10 11 111
106 11 113
697 11 113
907 11 113
537 11 115
312 11 115
682 11 115
902 11 115
925 11 116
277 11 117
555 11 119
164 12 119
795 12 120
891 12 121
889 12 122
416 12 123
759 12 123
148 12 123
655 12 123
932 12 124
895 12 124
796 12 125
542 12 125
431 12 125
110 12 126
748 12 127
577 12 127
716 12 127
39 12 128
891 12 128
623 13 128
166 13 131
548 13 132
351 13 132
669 13 134
839 13 134
322 13 134
137 13 135
799 13 135
960 13 135
690 13 135
175 13 137
939 13 138
715 13 138
159 13 138
51 13 139
443 13 140
212 13 141
687 13 141
976 14 141
949 14 141
334 14 141
897 14 141
244 14 142
464 14 145
617 14 145
497 14 145
865 14 147
461 14 147
73 14 147
594 14 147
758 14 149
672 14 150
483 14 153
857 14 153
467 14 153
25 14 153
824 14 154
153 15 155
945 15 155
196 15 155
268 15 155
985 15 155
48 15 156
337 15 157
504 15 158
38 15 158
138 15 158
192 15 158
403 15 159
654 15 160
212 16 161
477 16 163
119 16 163
203 16 163
317 16 164
643 16 164
648 16 164
71 16 165
255 16 165
785 16 166
679 16 166
746 16 167
619 16 167
374 16 167
565 16 168
942 16 168
393 16 170
962 16 171
859 17 171
531 17 171
461 17 172
810 17 172
902 17 172
348 17 172
772 17 173
703 17 174
936 17 174
884 17 174
622 17 175
468 17 175
865 17 176
494 17 176
430 17 176
219 17 176
853 17 177
561 18 177
980 18 177
547 18 177
383 18 179
476 18 179
619 18 179
887 18 180
963 18 181
667 18 183
686 18 183
454 18 183
160 18 184
886 18 184
206 18 184
706 19 185
900 19 185
250 19 186
519 19 187
807 19 188
226 19 188
23 19 188
257 19 188
90 19 189
31 19 189
646 19 189
889 19 189
820 19 190
27 19 191
828 19 192
407 20 194
738 20 194
82 20 196
879 20 197
931 20 197
666 20 197
522 20 198
539 20 198
81 20 198
204 20 199
406 20 199
114 20 200
355 20 200
514 20 200
673 21 200
174 21 202
925 21 203
670 21 204
935 21 205
132 21 206
588 21 206
839 21 207
557 21 209
359 21 210
368 21 211
951 21 211
777 21 211
126 21 211
297 21 211
547 21 212
612 21 212
595 22 213
5 22 213
256 22 217
299 22 218
841 22 218
295 22 218
639 22 219
581 22 219
945 22 221
844 22 221
708 22 222
983 23 222
81 23 222
438 23 223
761 23 223
59 23 223
946 23 224
35 23 225
538 23 226
103 23 226
636 23 226
912 23 226
597 23 226
370 23 226
368 23 226
607 23 228
176 24 229
857 24 229
498 24 230
689 24 231
438 24 231
736 24 232
89 24 233
660 24 235
311 24 235
620 24 237
732 24 238
252 24 238
435 24 240
973 24 241
498 24 241
576 24 241
531 24 241
56 24 241
454 24 241
76 24 242
789 24 242
634 24 242
325 25 243
580 25 243
154 25 243
930 25 244
582 25 244
256 25 244
93 25 245
413 25 246
102 25 249
770 25 250
698 25 250
317 25 250
380 25 251
340 25 252
640 25 254
587 25 254
23 26 254
311 26 255
748 26 255
729 26 256
514 26 256
647 26 258
140 26 259
476 26 259
705 26 260
442 26 261
821 27 261
951 27 263
796 27 264
983 27 264
2 27 265
915 27 265
925 27 265
619 27 266
809 27 267
786 27 267
110 27 270
606 27 270
747 27 271
475 27 271
836 27 272
228 27 272
528 27 274
599 28 274
554 28 276
80 28 277
733 28 277
290 28 277
812 28 279
659 28 279
236 28 279
669 28 281
417 28 282
834 28 282
797 28 282
297 28 283
83 28 283
750 28 284
654 28 286
582 28 286
615 28 286
84 29 287
28 29 287
665 29 288
347 29 288
556 29 288
573 29 289
932 29 290
745 29 290
199 29 292
572 29 293
703 29 294
719 29 294
146 30 295
824 30 296
284 30 298
591 30 298
704 30 299
826 30 299
888 30 299
114 30 300
907 30 300
921 30 302
773 31 303
236 31 304
746 31 304
859 31 305
509 31 305
836 31 305
655 31 306
418 32 306
625 32 307
347 32 312
759 32 313
944 32 314
440 32 316
758 32 316
884 32 317
201 32 319
971 32 321
697 32 323
616 32 324
796 32 325
229 33 325
578 33 326
791 33 326
221 33 326
327 33 328
231 33 329
527 33 330
722 33 330
849 33 331
406 33 331
724 33 332
512 33 336
325 33 336
791 33 337
772 33 337
745 33 338
206 33 338
71 33 338
945 33 339
196 33 340
582 33 340
348 33 342
493 33 342
34 33 342
580 33 343
984 34 343
687 34 343
16 34 343
292 34 344
220 34 344
843 34 345
654 34 345
641 34 347
546 34 347
712 34 347
843 34 347
870 34 348
215 34 349
811 34 352
594 34 353
706 34 354
659 34 354
98 35 354
605 35 355
769 35 356
342 35 356
218 35 356
540 35 357
327 35 358
817 35 359
305 35 359
922 35 359
727 35 359
550 35 359
544 35 360
581 35 360
586 35 360
446 35 360
432 36 360
616 36 361
36 36 361
549 36 362
822 36 362
438 36 363
872 36 363
843 36 363
841 36 364
749 36 364
83 36 367
857 36 368
783 36 368
725 37 368
326 37 369
798 37 369
55 37 369
268 37 370
245 37 370
862 37 371
170 37 373
335 37 373
780 37 373
686 37 373
419 37 374
102 37 374
369 37 374
294 37 374
837 37 374
141 37 375
461 38 375
731 38 376
4 38 376
723 38 376
821 38 376
656 38 376
843 38 376
769 38 377
525 38 377
264 38 378
165 38 378
944 38 379
699 38 379
491 38 379
791 38 379
631 38 380
137 38 380
323 39 380
578 39 383
40 39 384
964 39 384
321 39 385
870 39 385
582 39 386
250 39 387
153 39 387
666 39 387
798 39 388
344 39 389
359 39 391
1 39 392
382 39 392
385 39 392
532 39 393
670 40 393
798 40 393
467 40 394
241 40 395
784 40 395
250 40 395
564 40 396
351 40 397
32 40 398
825 40 398
410 40 399
704 41 399
743 41 399
733 41 400
295 41 400
485 41 400
485 41 401
135 41 401
787 41 403
133 41 403
332 41 403
926 41 403
868 41 404
207 41 405
195 41 405
412 41 405
352 42 406
525 42 406
790 42 406
925 42 407
3 42 407
229 42 409
219 42 409
925 42 409
884 42 409
604 42 410
599 42 411
517 42 412
553 42 412
497 42 414
319 42 414
186 42 414
115 42 415
924 43 416
619 43 417
698 43 418
845 43 419
265 43 419
348 43 420
587 43 420
414 43 420
493 43 420
990 43 420
154 43 420
534 43 420
484 43 421
233 43 421
605 43 421
589 43 423
388 44 425
962 44 425
582 44 426
982 44 428
889 44 428
46 44 428
212 44 429
722 44 429
502 44 430
246 44 431
319 44 431
849 44 431
285 44 431
285 44 432
80 44 434
340 44 434
971 44 435
399 44 436
507 44 437
6 44 439
27 44 439
548 45 439
186 45 441
241 45 441
157 45 441
938 45 442
927 45 444
972 45 444
307 45 446
297 45 446
613 45 447
626 45 448
648 45 448
7 45 449
708 45 450
950 45 450
213 45 451
580 45 451
711 45 451
130 45 451
305 45 453
624 46 453
580 46 453
751 46 455
29 46 456
184 46 456
471 46 456
327 47 456
137 47 456
287 47 457
483 47 457
694 47 458
30 47 458
537 47 459
886 47 459
423 47 460
545 47 460
739 47 461
920 47 461
195 47 461
33 47 461
414 47 461
688 47 462
532 48 463
5 48 463
619 48 464
603 48 465
703 48 466
893 48 467
304 48 467
666 48 467
456 48 468
795 48 468
776 48 469
198 48 470
792 48 470
29 48 471
609 48 471
91 48 473
641 48 473
755 48 475
647 49 476
230 49 480
282 49 481
975 49 482
62 49 482
541 49 482
253 49 483
926 49 483
820 49 484
505 49 484
830 49 484
833 49 485
5 49 485
242 49 486
183 49 487
880 49 487
256 49 487
320 50 488
678 50 488
268 50 489
119 50 489
577 50 490
232 50 491
367 50 492
284 50 492
539 50 493
206 50 494
43 50 494
718 50 495
152 50 495
814 50 496
475 50 497
123 50 497
1 50 499
237 50 500
