900 10 5
489 1 1
470 1 1
888 1 2
54 1 2
45 1 2
849 1 3
642 1 3
105 1 6
373 1 6
511 1 7
865 1 7
749 1 7
213 1 8
739 1 8
274 1 8
930 2 9
369 2 9
971 2 10
312 2 10
167 2 11
738 2 12
870 2 13
808 2 13
561 2 14
838 2 14
561 2 14
807 2 15
178 2 15
11 2 16
537 2 16
874 2 17
141 2 18
880 2 18
514 3 18
650 3 19
510 3 20
583 3 20
742 3 21
906 3 22
814 3 22
67 3 24
890 3 25
766 3 25
964 3 26
330 3 27
794 3 27
522 4 28
232 4 28
487 4 28
565 4 28
140 4 29
816 4 30
967 4 31
59 4 31
647 4 32
517 4 33
469 4 34
594 4 34
748 4 35
664 4 36
380 4 37
576 5 38
335 5 38
70 5 39
945 5 39
243 5 39
260 5 39
427 5 40
139 5 41
724 5 41
589 5 42
739 5 43
56 5 43
291 5 44
9 5 44
435 5 44
413 5 45
651 5 45
930 5 45
653 5 45
177 5 46
38 6 46
162 6 46
970 6 47
583 6 47
339 6 48
99 6 48
946 6 49
118 6 49
803 6 51
178 6 53
280 6 53
982 6 55
244 6 55
887 6 55
881 6 55
409 6 56
317 7 57
364 7 58
459 7 58
76 7 58
512 7 59
151 7 59
593 7 59
993 7 60
837 7 61
606 7 61
12 7 61
242 7 62
523 7 64
478 7 64
190 7 64
636 7 65
801 7 66
776 7 66
880 7 66
238 7 66
635 7 66
537 8 68
372 8 71
700 8 73
488 8 73
844 8 73
476 8 73
988 8 73
200 8 75
438 8 75
401 8 75
116 8 76
603 8 76
621 8 77
88 8 77
190 8 78
69 8 78
6 8 79
775 8 79
530 9 79
661 9 79
938 9 80
813 9 81
62 9 81
485 9 82
52 9 82
559 9 83
52 9 83
412 9 83
137 9 83
902 9 84
64 9 86
78 9 86
317 9 87
542 9 87
789 9 87
253 9 88
654 10 88
434 10 88
483 10 88
809 10 89
175 10 89
947 10 90
967 10 90
27 10 91
683 10 92
152 10 93
622 10 94
455 10 94
484 10 95
230 10 96
967 10 96
511 11 96
47 11 97
480 11 97
557 11 99
5 11 99
30 11 100
883 11 101
45 11 101
985 11 101
914 11 101
520 11 101
618 11 101
144 11 102
610 11 102
68 11 102
755 11 103
205 11 103
156 12 103
845 12 104
814 12 104
273 12 105
471 12 106
810 12 106
323 12 107
135 12 107
579 12 107
341 12 108
872 12 109
2 12 109
702 12 110
269 12 110
4 13 110
183 13 111
939 13 112
947 13 114
321 13 114
31 13 116
673 13 117
550 13 118
27 13 119
485 13 121
541 13 121
250 13 122
784 13 122
270 13 124
397 13 124
156 13 125
467 13 125
486 13 125
579 14 127
160 14 127
129 14 128
470 14 130
986 14 130
107 14 131
959 14 131
491 14 131
767 14 131
501 14 131
814 14 131
995 14 132
239 14 132
606 14 134
365 14 134
9 14 134
49 14 134
385 14 134
857 14 135
136 14 136
40 14 136
637 14 136
826 14 137
507 14 137
48 14 138
728 15 139
701 15 139
459 15 140
594 15 140
535 15 140
474 15 141
874 15 142
533 15 142
353 15 142
441 15 143
764 15 143
963 15 143
529 15 144
46 15 145
85 15 145
549 15 146
258 15 147
174 15 149
845 15 149
660 15 149
813 16 149
989 16 150
448 16 151
293 16 151
413 16 152
998 16 152
107 16 153
480 16 153
372 16 154
454 16 154
289 16 154
214 16 156
398 16 156
597 16 156
723 16 157
580 16 157
603 17 157
778 17 157
413 17 158
168 17 158
83 17 158
945 17 159
869 17 160
431 17 160
865 17 160
980 17 160
503 17 161
664 17 161
98 17 161
108 17 161
12 17 162
609 17 163
543 17 164
154 17 164
274 17 166
772 17 167
37 17 168
94 17 169
244 18 169
693 18 170
702 18 171
843 18 171
745 18 171
539 18 172
721 18 174
461 18 175
754 18 176
752 18 176
284 18 177
992 18 177
781 18 177
983 18 178
505 18 178
278 18 179
111 18 179
761 18 179
239 18 180
492 18 180
238 19 182
668 19 183
879 19 184
19 19 184
773 19 184
745 19 184
615 19 184
46 19 185
616 19 185
920 19 186
948 19 186
100 19 187
215 19 187
434 20 189
200 20 189
796 20 189
440 20 190
307 20 190
811 20 190
744 20 190
133 20 190
402 20 190
405 21 191
672 21 192
540 21 192
910 21 192
473 21 192
843 21 193
205 21 194
150 21 194
430 21 196
412 21 196
942 22 196
317 22 197
983 22 198
415 22 198
491 22 198
33 22 198
882 22 199
383 22 199
905 22 200
207 22 200
854 22 200
885 22 202
153 22 202
500 23 202
589 23 204
543 23 205
642 23 206
626 23 206
841 23 206
74 23 207
175 23 207
101 23 208
83 23 209
973 23 210
440 23 212
241 23 212
206 23 213
261 23 214
604 23 214
738 23 214
898 23 214
894 23 214
867 23 215
671 23 215
253 23 215
181 23 216
978 23 216
964 24 216
788 24 217
367 24 217
848 24 217
163 24 218
767 24 218
636 24 218
421 24 218
463 24 219
442 24 219
334 25 220
659 25 220
284 25 221
743 25 222
944 25 222
556 25 223
62 25 223
857 25 224
69 25 224
130 25 224
876 25 225
596 25 226
535 25 226
310 25 226
241 25 227
536 25 228
8 25 229
665 25 229
615 25 230
29 26 231
424 26 231
654 26 231
392 26 232
928 26 233
43 26 234
232 26 234
186 26 235
131 26 235
886 26 235
511 26 236
518 26 236
146 26 237
942 26 237
854 26 237
342 26 238
209 26 238
293 26 238
872 26 239
760 27 240
76 27 242
363 27 242
153 27 243
772 27 244
559 27 245
397 27 246
553 27 246
350 27 247
140 27 247
252 27 247
315 27 247
984 27 247
866 27 248
76 27 248
908 27 249
407 27 250
194 27 250
103 27 251
310 27 251
855 27 251
445 27 252
398 27 252
76 28 252
958 28 252
210 28 253
427 28 253
240 28 254
355 28 254
404 28 254
998 28 255
792 28 255
833 28 257
607 28 257
410 28 258
880 28 258
299 28 258
203 28 258
779 29 259
40 29 259
390 29 259
1 29 261
615 29 261
358 29 261
813 29 263
938 29 263
846 29 263
551 29 263
109 29 265
215 29 265
975 29 266
590 29 267
486 29 268
83 29 268
856 29 268
327 30 268
179 30 268
317 30 268
521 30 269
213 30 270
110 30 272
858 30 272
974 30 273
735 30 273
291 30 273
871 30 274
920 30 275
314 30 276
919 30 276
636 30 276
647 30 277
496 30 279
348 30 279
755 30 279
213 30 279
14 30 279
308 30 280
48 30 281
921 30 281
11 31 281
976 31 281
379 31 282
719 31 283
28 31 285
332 31 285
8 31 285
825 31 285
924 31 287
536 31 287
888 31 287
156 31 288
809 31 288
813 31 289
192 31 290
706 31 292
738 31 292
898 31 292
311 31 292
471 31 293
668 31 294
3 31 294
110 32 294
418 32 295
468 32 296
37 32 296
832 32 297
282 32 298
958 32 300
112 32 301
400 32 302
674 32 303
900 32 303
393 32 304
321 32 304
259 32 304
219 33 305
771 33 305
280 33 306
860 33 307
528 33 307
330 33 307
983 33 307
496 33 307
695 33 308
724 33 308
611 33 309
629 33 309
899 33 310
571 34 310
188 34 311
428 34 311
442 34 311
323 34 312
45 34 312
938 34 312
784 34 313
573 34 313
25 34 313
290 34 315
468 34 315
654 34 316
38 34 316
284 34 316
39 34 317
95 34 318
126 34 318
606 34 318
936 35 319
673 35 319
223 35 319
430 35 319
301 35 320
821 35 320
540 35 321
113 35 321
149 35 321
949 35 321
629 35 322
291 35 323
184 35 324
698 35 324
218 35 325
683 35 326
759 35 327
99 36 327
981 36 329
850 36 329
744 36 330
687 36 332
380 36 333
809 36 333
738 36 333
904 36 334
854 36 335
604 36 335
615 36 336
404 36 337
101 36 338
998 36 338
423 36 339
465 36 339
913 36 340
858 37 341
265 37 341
596 37 342
654 37 343
483 37 343
5 37 344
581 37 344
580 37 345
129 37 346
764 37 346
667 37 348
420 37 348
184 37 349
841 37 350
600 37 351
226 37 351
223 37 351
665 37 353
248 37 354
733 37 354
802 37 355
277 37 357
100 37 357
804 37 357
421 38 358
265 38 359
381 38 359
563 38 361
149 38 361
684 38 362
487 38 362
35 38 363
668 38 363
360 38 363
212 38 365
951 38 366
401 38 366
948 38 368
801 38 368
826 39 369
498 39 369
52 39 369
129 39 370
110 39 370
831 39 370
562 39 371
60 39 372
968 39 372
948 39 372
934 39 373
132 39 375
799 39 375
323 39 375
193 39 375
876 39 375
636 39 376
3 39 376
415 40 376
966 40 377
491 40 377
777 40 377
883 40 378
463 40 378
815 40 378
433 40 379
300 40 380
888 40 381
195 40 381
241 40 381
421 40 382
972 40 384
333 40 385
490 40 385
867 40 385
713 40 385
861 41 386
732 41 386
39 41 386
341 41 386
491 41 387
374 41 388
403 41 388
487 41 389
207 41 389
30 41 389
593 41 389
534 41 390
290 41 390
355 41 390
367 42 390
410 42 391
306 42 391
460 42 392
623 42 392
85 42 392
274 42 393
300 42 394
851 42 394
309 42 395
744 42 396
661 42 397
694 42 397
594 42 398
239 42 399
542 42 399
773 42 399
470 42 399
13 42 400
251 43 401
172 43 402
830 43 402
911 43 402
951 43 403
181 43 404
348 43 405
961 43 406
65 43 407
899 43 407
437 43 408
810 43 408
328 43 408
876 43 409
966 43 409
755 43 409
83 43 410
749 43 410
942 43 410
144 43 411
210 43 412
888 43 413
647 43 414
879 43 414
923 43 416
913 43 416
655 43 416
566 43 419
994 44 420
126 44 420
830 44 420
689 44 420
936 44 420
804 44 421
507 44 421
496 44 422
358 44 422
182 44 422
463 44 422
327 44 424
38 44 424
785 44 424
413 44 424
816 44 425
982 44 425
179 44 426
325 44 426
627 45 426
491 45 426
433 45 427
684 45 428
213 45 429
790 45 429
824 45 429
450 45 430
766 45 430
949 45 431
595 45 431
431 45 431
852 45 432
976 45 434
179 45 435
170 45 435
606 45 435
238 45 435
197 45 437
16 45 437
323 45 437
149 45 438
124 45 439
894 45 440
32 45 441
434 45 441
984 45 441
939 46 441
840 46 443
154 46 444
223 46 445
132 46 445
869 46 445
126 46 446
375 46 446
893 46 446
933 46 446
996 46 446
581 46 446
177 46 447
985 46 447
936 46 447
48 47 448
911 47 449
279 47 449
847 47 449
895 47 450
73 47 450
15 47 451
835 47 452
57 47 452
953 47 453
162 47 453
312 47 453
403 47 453
99 47 455
926 47 456
185 47 456
307 47 457
913 47 457
334 47 458
384 47 458
636 47 459
727 47 459
886 47 460
73 47 460
586 47 460
52 48 461
509 48 461
377 48 462
877 48 462
305 48 464
627 48 464
176 48 465
707 48 465
737 48 466
330 48 467
520 48 467
822 48 468
429 48 468
865 48 468
481 48 469
180 48 469
643 48 470
2 48 470
819 48 470
357 49 472
226 49 473
389 49 474
543 49 475
400 49 475
277 49 475
542 49 475
827 49 476
846 49 477
74 49 478
594 49 479
783 49 479
936 49 479
701 49 479
247 49 481
784 49 482
347 49 482
301 49 483
89 49 485
665 49 486
337 49 486
891 49 488
88 49 488
481 50 489
28 50 490
819 50 490
799 50 490
542 50 491
172 50 491
57 50 492
208 50 492
539 50 494
1000 50 497
705 50 499
26 50 499
832 50 499
841 50 499
514 50 499
820 50 500
