600 8 5
796 50 3
849 50 5
447 50 6
249 50 7
469 50 7
458 50 9
548 50 10
265 50 10
165 50 13
502 50 13
334 50 14
592 50 15
649 50 18
146 50 19
8 50 19
601 49 20
199 49 21
724 49 21
521 49 22
385 49 22
949 49 22
438 49 23
572 49 23
820 49 24
69 49 24
112 49 24
567 49 24
964 49 24
794 49 25
36 48 25
693 48 25
253 48 27
891 48 28
651 48 29
32 48 29
819 48 31
816 48 31
989 48 34
655 48 35
901 48 35
85 47 36
614 47 37
791 47 38
955 47 41
562 47 41
883 47 42
33 47 42
786 47 43
548 47 44
644 47 46
152 47 46
56 47 47
260 47 47
660 47 49
709 47 49
218 47 50
58 47 50
395 47 50
57 46 51
380 46 51
886 46 53
205 46 53
742 46 56
560 46 56
354 46 59
386 45 59
506 45 60
383 45 60
895 45 61
542 45 61
857 45 63
478 45 64
99 45 65
932 45 65
526 45 66
512 45 66
452 45 67
388 44 71
6 44 71
985 44 72
740 44 73
732 44 73
810 44 76
458 44 76
504 44 76
170 44 77
319 44 77
600 44 77
55 44 78
287 44 78
915 44 78
623 44 80
867 44 80
350 44 82
525 44 82
989 44 84
343 43 85
508 43 85
49 43 86
977 43 86
590 43 86
994 43 87
736 43 87
385 43 87
843 43 87
734 43 87
416 43 88
491 43 89
771 43 90
408 43 91
109 43 91
675 42 93
579 42 94
904 42 96
963 42 97
548 42 98
830 42 98
708 42 104
383 42 104
562 42 106
31 42 106
695 42 108
593 42 110
723 42 111
8 42 111
454 41 112
392 41 112
566 41 113
629 41 114
44 41 114
314 41 114
819 41 115
848 41 116
853 41 118
166 41 119
914 41 120
298 41 123
703 41 124
369 40 124
848 40 125
506 40 125
4 40 127
793 40 128
684 40 128
205 40 129
620 40 129
225 40 132
224 40 134
434 40 136
184 40 137
961 40 140
411 40 140
376 40 140
817 39 141
488 39 144
907 39 145
447 39 146
879 39 149
233 39 149
760 39 149
192 39 149
301 39 150
81 39 151
555 39 152
234 38 152
794 38 153
145 38 154
869 38 155
322 38 156
763 38 158
483 38 158
572 38 159
22 38 159
579 38 160
317 38 161
640 38 161
46 38 164
84 38 164
565 37 164
980 37 165
855 37 165
391 37 165
520 37 166
248 37 166
30 37 167
776 37 168
244 37 168
228 37 168
245 37 170
437 37 170
222 37 172
774 36 173
589 36 174
485 36 175
848 36 175
60 36 175
360 36 176
725 36 176
659 36 176
813 36 176
729 35 177
389 35 178
77 35 178
122 35 180
707 35 180
602 35 180
134 35 181
683 35 182
234 35 182
973 35 183
621 35 184
491 35 185
954 35 188
640 34 189
802 34 193
725 34 196
643 34 196
896 34 196
352 34 197
216 34 197
557 34 197
869 34 199
9 34 200
910 34 200
974 34 200
471 33 201
653 33 201
739 33 202
277 33 203
371 33 204
65 33 204
432 33 205
866 33 207
131 33 207
24 33 208
182 32 208
492 32 210
76 32 210
889 32 210
984 32 210
166 32 210
585 32 211
836 32 212
498 32 212
447 32 213
228 32 216
58 32 216
110 31 217
588 31 218
149 31 221
888 31 221
949 31 221
781 31 221
523 31 222
455 31 224
810 31 227
961 31 227
311 31 227
116 31 228
570 31 228
438 31 229
216 31 230
695 31 230
120 30 231
681 30 232
720 30 235
746 30 235
309 30 238
718 30 241
166 30 242
392 30 243
12 30 243
637 30 245
525 30 245
567 30 246
164 30 247
713 29 247
426 29 249
179 29 249
30 29 249
990 29 250
403 29 250
65 29 250
326 29 251
822 28 253
914 28 253
653 28 254
551 28 254
664 28 255
80 28 255
416 28 255
943 28 256
447 28 256
615 28 256
857 28 257
98 27 257
594 27 258
576 27 259
622 27 259
834 27 260
333 27 262
755 27 262
384 27 263
419 27 264
435 27 264
509 27 266
97 27 267
205 27 271
221 27 271
468 27 272
611 27 273
947 27 273
196 27 274
734 26 274
510 26 276
520 26 276
103 26 277
671 26 278
773 26 279
25 26 281
289 26 281
808 26 282
853 26 283
165 26 284
563 26 285
29 26 286
107 26 287
809 25 287
313 25 287
663 25 287
457 25 287
777 25 291
28 25 292
976 25 292
157 25 292
321 25 292
140 25 292
294 25 293
375 25 295
945 25 296
223 25 297
294 25 298
980 25 298
879 25 298
978 25 299
778 25 300
307 25 300
990 25 303
866 24 304
117 24 305
676 24 306
276 24 307
312 24 308
970 24 308
576 24 308
73 24 311
95 24 311
421 24 311
577 23 312
27 23 312
235 23 313
89 23 314
502 23 314
255 23 316
64 23 318
321 23 319
963 23 320
737 23 322
732 22 322
194 22 323
715 22 324
453 22 324
306 22 325
197 22 328
979 22 330
863 22 331
468 22 332
483 22 332
989 22 332
204 22 332
388 21 335
240 21 336
933 21 337
315 21 337
791 21 337
322 21 338
948 21 338
134 20 339
686 20 340
131 20 340
222 20 342
2 20 343
715 20 343
890 20 343
50 20 343
598 20 344
380 19 345
257 19 345
46 19 345
297 19 346
535 19 346
967 19 346
820 19 349
956 19 350
91 19 350
724 19 352
612 19 352
790 18 352
582 18 352
453 18 353
359 18 353
446 18 354
328 18 354
302 18 355
910 18 357
595 18 357
283 18 358
988 18 359
141 18 359
168 18 361
886 18 362
693 18 363
464 17 364
971 17 364
756 17 365
430 17 365
176 17 366
916 17 367
286 17 368
540 17 369
401 17 370
339 17 370
26 17 371
223 16 372
811 16 372
562 16 372
965 16 372
144 16 373
44 16 373
794 16 376
772 16 376
676 16 376
30 16 376
513 16 377
443 15 378
120 15 378
370 15 378
664 15 380
233 15 380
420 15 381
256 15 382
283 15 382
848 15 382
452 15 384
170 14 385
114 14 387
572 14 387
225 14 388
700 14 388
69 14 389
304 14 390
975 14 390
106 14 391
468 14 391
143 14 393
615 13 394
887 13 395
739 13 396
501 13 396
293 13 398
348 13 399
365 13 400
211 13 400
140 12 401
901 12 402
200 12 402
89 12 403
653 12 404
28 12 405
126 12 405
667 12 405
262 12 405
129 12 405
244 11 409
747 11 410
975 11 410
567 11 410
402 11 412
23 11 412
439 11 413
59 11 413
547 11 413
134 11 415
38 11 417
779 10 417
783 10 417
4 10 418
316 10 418
281 10 420
804 10 421
543 10 422
558 10 422
739 10 422
964 10 423
822 10 423
313 10 425
537 10 426
439 10 426
973 9 427
62 9 428
42 9 428
784 9 428
967 9 429
790 9 429
850 9 430
646 9 430
57 8 430
135 8 431
428 8 432
849 8 433
759 8 434
989 8 434
576 8 435
844 8 436
69 8 436
964 8 436
378 8 438
394 7 440
652 7 443
448 7 444
15 7 444
464 7 445
159 7 446
840 7 447
228 7 450
66 7 451
225 7 452
791 7 452
133 7 452
354 6 454
164 6 454
858 6 455
30 6 455
796 6 455
48 6 456
200 6 457
34 6 457
877 6 459
271 6 459
867 6 460
533 6 461
681 5 462
361 5 462
837 5 464
408 5 464
187 5 464
577 5 469
277 5 469
841 5 470
199 5 471
491 5 471
521 5 472
380 5 473
188 4 475
912 4 476
942 4 476
299 4 479
237 4 479
584 4 479
882 4 480
253 4 480
542 3 481
290 3 483
691 3 484
798 3 485
892 3 485
395 3 486
288 3 488
954 3 490
53 2 490
136 2 490
893 2 492
423 2 492
823 2 493
122 2 494
732 2 495
238 2 495
876 2 495
398 2 495
838 2 495
589 1 497
883 1 497
293 1 497
458 1 497
725 1 499
458 1 499
943 1 500
532 1 500
763 1 500
863 1 500
