450 5 5
226 38 176
101 13 421
226 17 478
151 40 396
176 33 226
226 7 271
26 23 180
101 32 435
101 23 325
201 6 497
51 46 448
26 42 280
26 5 497
176 18 134
76 1 408
101 5 265
201 46 449
51 50 418
26 12 181
101 4 312
51 30 457
101 20 244
76 49 382
201 38 63
126 17 232
226 30 94
51 5 365
176 40 313
126 33 220
126 5 283
201 43 217
151 22 358
51 32 32
51 4 164
101 17 14
51 28 112
226 50 404
26 17 44
226 45 65
26 9 418
176 11 81
26 27 41
201 8 272
176 11 110
101 22 412
201 2 285
51 46 155
51 46 195
51 9 459
201 22 477
176 8 414
101 7 484
76 39 422
226 31 362
101 41 482
126 5 28
51 14 252
76 46 350
201 6 63
201 43 118
76 45 476
201 16 14
126 39 116
51 9 161
201 19 436
201 25 282
51 49 119
126 32 159
176 22 369
226 46 293
201 8 448
201 1 196
201 42 160
201 1 76
226 10 136
176 24 142
151 26 127
226 13 130
151 22 326
101 25 202
101 19 400
176 16 402
226 31 485
101 25 204
26 42 136
26 30 389
26 21 322
51 6 17
201 39 174
76 21 463
126 10 283
76 15 176
51 23 138
101 19 221
76 47 446
201 46 48
226 29 89
76 22 5
26 46 443
26 34 300
51 49 427
176 3 218
176 2 288
126 29 132
101 21 423
226 23 118
151 27 226
226 32 408
26 43 388
26 44 466
26 44 346
126 19 487
176 19 244
151 47 462
226 39 103
76 42 14
101 48 398
176 49 474
51 43 30
76 31 115
76 24 121
226 10 401
51 23 436
201 8 353
51 3 448
201 48 161
126 28 131
76 29 306
51 40 383
51 47 440
126 7 228
201 19 197
101 31 195
51 17 42
176 39 211
176 25 114
76 31 426
226 48 412
226 24 348
151 50 112
176 17 269
126 37 149
76 44 91
226 48 489
151 11 478
151 34 447
151 16 102
101 4 137
226 3 291
26 20 309
76 33 406
26 39 329
101 21 390
201 39 141
176 30 90
151 19 391
26 43 156
51 42 158
101 4 183
51 46 132
51 36 377
151 7 359
26 16 466
101 4 465
126 28 209
76 2 463
26 4 159
151 44 95
126 36 276
101 9 292
201 8 298
151 37 121
51 23 212
76 24 150
126 31 448
101 44 305
126 40 171
226 11 159
176 43 408
51 36 280
226 46 421
51 35 378
201 13 210
101 16 383
226 18 380
51 30 493
76 22 417
26 31 144
101 39 396
201 22 259
151 28 281
126 23 441
26 15 447
51 31 206
26 48 391
226 18 167
201 10 449
176 29 34
151 3 389
26 10 306
126 3 381
126 41 432
76 33 194
176 9 269
76 9 463
101 4 338
151 14 434
176 31 306
26 9 91
76 11 17
151 47 16
201 49 421
76 45 351
101 7 436
126 20 57
151 24 254
151 39 380
226 14 311
201 29 18
151 37 413
101 22 231
176 37 57
76 2 274
151 48 153
101 47 246
126 29 282
101 21 165
26 43 417
76 44 211
201 10 494
176 46 249
76 13 143
201 44 323
151 46 175
201 48 462
76 5 379
176 35 460
26 32 233
176 43 466
101 13 377
226 22 224
126 24 49
176 50 443
201 38 150
176 35 165
51 31 308
201 4 120
76 5 17
26 46 154
151 38 442
51 12 240
126 48 230
26 45 364
76 29 255
201 44 166
26 45 297
176 2 262
51 15 338
26 13 379
26 1 441
176 28 244
151 47 201
101 47 54
101 17 151
26 12 487
126 7 345
126 38 61
26 45 194
101 35 209
101 26 191
101 14 445
176 15 240
101 12 469
126 2 303
76 6 400
76 11 121
126 9 102
176 14 97
226 17 231
26 31 497
226 41 177
176 2 322
176 5 23
51 29 435
176 38 457
226 28 34
26 19 61
26 37 344
226 20 206
126 25 89
51 26 290
126 35 372
76 32 322
51 48 36
51 4 253
101 38 174
51 30 423
26 8 386
101 50 164
101 36 459
101 34 280
126 13 471
51 6 418
201 18 74
201 16 272
101 50 227
201 9 175
226 19 108
201 6 352
126 15 124
126 30 86
51 44 205
101 43 233
101 16 227
101 33 500
26 37 360
176 13 301
101 37 494
126 11 130
51 6 86
101 33 263
26 38 29
51 44 397
151 12 94
226 47 350
26 35 418
126 45 223
101 14 386
226 10 287
201 29 30
26 43 137
151 18 327
101 26 420
101 36 325
76 49 460
26 30 280
126 12 277
151 15 178
176 22 56
126 18 4
176 22 66
101 28 93
101 48 409
51 22 341
176 26 251
226 13 142
176 12 358
101 13 392
201 46 159
201 25 191
226 11 23
226 37 24
51 8 72
151 9 413
51 46 192
76 7 16
151 21 345
26 50 500
76 48 481
176 11 14
201 6 342
26 9 354
126 47 382
76 16 64
201 29 449
176 33 211
201 9 154
226 12 129
101 7 389
101 15 415
226 4 236
151 21 245
26 13 292
176 38 407
101 39 307
176 5 438
201 6 350
201 39 249
126 22 425
201 26 373
76 31 25
101 1 420
126 9 310
51 16 477
226 38 74
151 50 289
26 26 439
151 1 104
76 50 497
76 42 22
126 34 206
101 19 127
126 34 481
176 49 8
26 39 103
126 16 219
176 22 430
126 48 447
151 36 13
76 17 494
151 50 40
176 44 241
226 19 334
201 40 407
226 14 18
226 37 443
226 24 497
26 49 64
126 36 483
76 17 190
76 42 405
51 3 237
176 25 74
226 45 186
151 21 192
151 9 210
201 5 124
201 7 278
126 49 198
226 28 234
151 47 160
126 28 467
51 45 273
101 22 411
26 38 147
126 13 82
76 8 190
101 29 308
201 29 97
176 18 369
176 22 405
176 31 353
101 32 301
226 41 6
101 43 86
51 22 498
101 45 96
126 40 97
176 33 15
76 18 261
126 1 138
151 19 384
151 26 131
226 29 366
51 40 242
126 13 8
76 9 444
126 43 186
26 16 231
101 1 406
