300 6 4
25 8 150
49 48 201
169 47 375
97 37 167
49 5 29
217 29 255
49 50 400
25 10 52
25 13 331
145 8 484
169 45 275
169 34 46
25 4 393
97 38 454
25 25 485
193 29 233
193 5 278
193 34 225
49 10 155
193 16 441
145 42 214
145 22 71
25 49 52
169 42 185
97 25 163
145 1 349
25 34 240
193 38 221
193 19 396
49 22 304
97 36 148
49 25 130
97 28 77
217 16 289
121 18 401
121 42 131
73 44 173
97 12 42
193 30 388
97 39 259
25 33 387
25 11 216
97 14 316
49 16 21
97 44 476
193 41 482
145 27 487
145 8 336
217 24 71
49 42 344
217 3 243
169 7 157
193 21 223
73 26 409
217 19 480
25 12 478
217 28 246
145 37 238
217 29 196
145 33 44
121 23 215
49 29 349
97 31 399
49 30 281
49 50 446
169 7 406
97 34 481
73 26 221
49 41 451
49 25 289
73 24 443
145 3 112
73 25 329
121 46 229
217 16 305
217 5 310
169 32 265
145 36 180
217 8 174
97 19 234
49 23 232
121 29 417
49 20 306
97 41 8
25 37 174
121 41 172
25 18 274
25 31 466
121 11 81
145 43 276
169 31 6
169 25 375
121 43 150
217 33 15
193 1 74
217 49 275
97 10 197
121 37 22
49 49 439
97 40 370
169 35 450
73 29 143
97 16 121
169 5 327
49 19 123
193 8 426
25 35 167
121 29 137
25 37 278
25 30 92
121 48 217
193 7 350
169 18 140
169 26 428
217 23 270
121 42 213
25 36 239
193 41 280
217 13 356
145 34 211
73 14 358
25 29 246
25 26 87
97 43 364
73 37 70
73 8 145
169 36 482
169 40 304
25 40 198
193 33 190
121 37 3
49 6 261
73 27 288
145 31 457
193 34 23
49 22 176
49 28 459
169 34 21
217 33 122
121 43 405
169 38 448
121 45 255
25 5 385
193 37 295
49 35 169
121 31 312
97 36 57
193 2 177
217 7 161
169 46 361
169 31 220
169 39 139
25 1 139
121 10 365
217 42 63
121 13 189
169 4 374
121 4 67
145 24 234
217 10 364
73 41 109
49 32 93
193 22 492
193 23 498
193 50 321
73 13 313
121 28 156
25 45 195
121 24 67
193 24 255
217 45 114
193 14 218
49 29 342
25 5 375
145 15 208
193 8 457
193 14 377
73 23 314
217 5 492
217 34 314
193 19 261
193 43 232
49 1 161
25 35 271
73 24 34
217 1 37
169 17 310
193 39 338
193 25 200
49 30 281
169 11 419
49 44 330
73 13 187
97 24 400
145 40 428
49 43 366
145 38 98
25 39 188
121 47 264
97 31 100
217 39 61
25 12 203
49 27 175
145 17 425
121 23 145
73 14 94
73 32 453
25 19 167
193 25 146
217 5 45
169 50 426
97 20 144
25 18 374
217 27 147
121 42 67
217 32 203
97 45 269
25 2 469
73 36 247
169 39 122
25 22 165
97 17 279
49 46 227
25 31 172
73 17 202
97 34 131
169 6 101
121 46 412
145 21 447
97 26 451
121 13 352
145 37 270
73 2 12
97 47 482
169 24 472
169 31 345
25 39 40
25 24 407
97 2 380
25 14 207
97 1 399
145 21 242
193 48 385
193 3 69
193 15 329
217 46 412
25 27 435
49 17 191
217 3 274
169 27 418
73 19 475
49 15 109
97 38 195
73 26 321
169 47 180
73 49 120
169 41 99
145 34 290
25 18 307
49 38 404
169 22 243
49 2 473
73 25 355
169 40 423
73 19 79
97 16 464
193 49 146
97 46 190
49 1 409
169 25 430
49 20 213
25 28 19
169 9 24
121 13 317
169 47 455
193 33 428
145 47 226
49 8 222
169 29 140
25 15 419
121 25 147
25 21 419
169 4 102
49 27 20
217 4 490
169 10 380
49 35 177
169 40 256
97 47 82
97 47 232
73 20 472
169 1 423
217 45 35
97 14 398
145 38 361
169 36 17
49 31 440
217 49 52
121 47 217
97 22 241
