350 3 10
271 25 317
151 17 442
241 13 205
31 5 483
31 9 326
151 14 383
91 30 468
121 23 170
61 45 444
181 34 46
151 8 119
211 25 103
241 23 435
211 31 348
151 31 386
151 21 148
31 34 375
91 28 367
271 45 293
271 28 74
241 10 396
61 50 262
181 19 59
241 36 200
211 26 238
121 45 499
181 18 140
91 5 372
31 14 13
271 43 300
61 37 405
121 12 247
121 45 75
61 44 63
271 27 184
181 4 423
241 40 169
241 15 410
241 8 106
61 33 203
211 33 94
271 48 479
91 45 162
31 18 3
241 49 23
211 10 473
241 34 416
61 48 405
91 38 99
181 4 363
181 2 331
121 17 172
211 49 375
181 16 398
151 44 8
241 2 3
121 18 170
31 34 459
151 41 126
151 38 454
181 24 454
211 6 327
31 40 384
91 18 477
271 11 496
91 39 110
121 47 339
151 6 234
271 20 215
31 30 226
121 19 433
121 46 407
181 8 376
211 32 149
121 14 59
181 19 177
151 10 165
91 24 216
241 47 150
121 27 128
241 5 303
211 35 40
271 22 345
121 15 243
211 36 70
211 48 141
61 1 396
271 3 499
271 23 441
151 34 10
151 41 121
91 11 236
181 13 381
121 26 160
31 9 480
121 11 172
181 41 3
241 20 96
61 19 133
241 42 29
91 12 220
271 14 88
151 5 357
181 19 469
61 20 294
151 4 153
31 38 151
211 27 93
271 11 194
91 10 87
31 43 352
91 13 228
151 49 231
271 50 446
31 37 438
181 19 7
271 26 272
181 43 321
91 22 427
271 22 43
241 5 298
31 7 385
181 3 385
31 33 242
31 38 159
271 14 392
211 29 467
241 45 346
241 32 171
211 29 384
61 19 102
31 15 30
61 42 224
121 31 460
181 48 355
121 21 383
61 21 42
91 24 442
181 27 465
61 11 476
211 40 257
61 19 230
31 12 306
271 39 43
181 15 115
61 1 291
91 49 8
121 34 437
271 39 302
151 14 321
61 45 165
121 41 340
241 46 363
151 23 271
241 44 349
181 23 4
211 37 46
271 16 242
181 30 204
211 27 395
241 50 461
91 42 278
121 31 135
211 43 402
61 26 12
151 2 434
151 31 349
31 48 147
271 7 202
31 50 144
271 38 70
121 40 144
241 4 482
91 4 191
91 32 133
211 8 303
31 7 322
91 46 389
241 37 339
181 28 495
211 8 58
121 44 128
151 31 367
151 20 362
181 15 2
61 24 161
61 43 374
121 39 206
91 14 369
91 21 412
91 46 323
241 46 176
91 45 481
61 47 407
151 14 284
121 46 242
241 48 275
91 21 414
31 32 48
241 15 337
211 43 40
181 29 352
241 50 102
271 2 155
181 19 382
241 43 25
151 22 3
61 32 500
121 2 326
91 21 436
271 47 304
151 43 23
271 16 279
241 14 31
61 22 391
61 14 72
211 42 140
91 46 162
31 22 195
211 49 144
151 2 464
151 46 201
121 40 232
61 30 453
91 46 454
211 28 191
151 19 116
91 30 229
241 44 361
61 5 496
211 21 136
181 32 178
211 33 174
211 49 113
61 26 332
211 23 180
211 27 4
61 7 488
121 14 337
241 35 407
211 46 1
151 14 207
241 7 46
31 9 308
91 4 345
61 3 358
121 8 466
211 34 223
211 36 21
151 48 118
121 25 17
211 21 495
121 15 411
121 36 196
91 47 242
121 3 18
61 18 202
121 3 308
151 34 8
211 30 183
91 45 394
271 50 279
121 14 493
271 14 162
31 24 468
31 49 484
181 22 172
31 15 355
61 36 212
181 20 491
61 28 160
121 29 320
151 34 359
241 47 378
181 15 138
121 27 154
151 27 125
121 44 422
121 34 328
181 10 251
91 16 405
241 36 270
181 41 443
151 44 454
31 50 191
31 10 415
181 28 95
271 22 138
91 41 47
271 2 140
121 26 383
121 36 224
181 9 331
151 5 321
121 50 236
241 24 265
31 23 292
61 35 228
241 44 199
271 28 53
241 38 290
151 46 451
31 1 138
151 23 331
91 29 354
211 38 390
91 18 476
211 10 489
91 26 162
271 42 393
31 14 194
31 35 207
61 46 387
211 21 73
91 22 166
211 31 276
91 45 287
61 6 436
31 9 254
271 8 50
211 32 386
61 12 207
181 25 374
91 14 484
121 15 15
61 37 404
91 13 247
211 28 138
181 19 376
181 39 393
121 43 169
121 30 232
91 26 415
61 36 17
241 11 357
91 6 7
181 21 464
241 32 358
271 47 275
241 28 117
151 7 284
121 34 404
211 42 126
211 21 144
61 14 188
31 23 280
91 10 141
31 44 191
91 40 396
151 43 361
