700 5 9
563 50 1
581 50 1
763 50 1
574 50 1
229 50 2
316 50 2
62 50 2
742 50 2
928 50 3
111 49 4
976 49 5
594 49 6
449 49 6
513 49 7
918 49 8
546 49 9
759 49 10
292 49 10
8 49 11
437 49 12
765 49 12
980 49 15
965 49 15
954 48 16
632 48 17
281 48 17
901 48 18
928 48 20
206 48 21
277 48 21
770 48 22
273 48 22
89 48 24
292 47 24
860 47 26
993 47 26
351 47 27
72 47 28
816 47 28
4 47 29
767 47 30
852 47 33
324 47 35
661 47 35
98 47 36
889 47 36
945 47 36
996 47 39
12 47 41
804 47 41
262 47 42
47 47 43
350 47 43
824 46 43
861 46 45
337 46 45
361 46 45
960 46 45
484 46 48
655 46 48
632 46 50
925 46 50
650 46 50
423 46 51
490 46 52
405 46 55
667 46 57
60 46 57
971 46 57
981 46 58
426 46 59
252 45 60
103 45 61
629 45 63
459 45 63
762 45 65
722 45 65
769 45 66
202 45 69
647 45 70
775 45 70
953 45 70
619 45 70
164 44 71
810 44 71
926 44 73
119 44 74
186 44 74
108 44 74
732 44 75
527 44 75
731 44 75
931 44 75
295 44 78
96 44 79
161 44 81
555 44 81
846 44 82
44 44 82
563 44 82
269 44 82
757 44 82
705 44 83
977 44 83
83 44 84
86 44 84
808 44 85
725 44 85
189 44 91
455 43 91
252 43 91
521 43 91
43 43 91
374 43 93
452 43 94
839 43 95
967 43 96
417 43 97
375 43 98
291 43 98
5 43 99
771 42 99
675 42 99
509 42 99
651 42 100
881 42 101
330 42 102
299 42 102
775 42 103
458 42 104
594 42 105
219 42 106
154 42 106
44 42 107
112 41 108
902 41 108
727 41 109
620 41 109
584 41 110
817 41 111
287 41 111
221 41 111
523 41 112
636 41 113
948 41 113
106 41 114
469 40 115
909 40 115
744 40 116
662 40 116
761 40 117
215 40 117
177 40 117
248 40 117
660 40 118
203 40 119
339 40 120
557 40 122
211 40 122
137 40 122
899 39 123
798 39 123
394 39 124
80 39 125
348 39 125
888 39 125
802 39 126
729 39 126
63 39 127
458 39 127
406 39 129
50 39 129
67 39 130
744 39 130
675 38 130
246 38 131
807 38 131
822 38 134
937 38 135
329 38 137
272 38 138
369 38 139
362 38 139
962 38 140
252 38 141
664 38 143
237 37 143
609 37 144
489 37 144
840 37 145
887 37 145
687 37 147
162 37 149
516 37 150
48 37 151
365 37 151
439 37 151
291 37 152
181 37 152
693 37 153
225 37 153
324 37 153
535 37 153
197 36 155
319 36 156
884 36 159
696 36 159
618 36 160
743 36 161
528 36 161
557 36 161
680 36 161
868 36 162
814 36 163
548 35 163
944 35 163
192 35 163
822 35 164
531 35 164
698 35 164
983 35 165
358 35 166
490 35 167
842 35 167
657 34 167
682 34 168
487 34 169
799 34 171
233 34 172
451 34 172
245 34 172
118 34 173
14 34 173
902 34 174
183 34 176
525 34 177
733 34 177
301 34 177
942 34 178
100 33 178
137 33 178
91 33 179
933 33 181
494 33 181
337 33 184
297 33 184
837 33 184
980 33 184
940 33 185
126 33 185
410 33 186
899 32 187
155 32 187
67 32 187
689 32 187
364 32 187
474 32 189
283 32 189
324 32 190
681 32 190
117 31 191
945 31 191
820 31 192
304 31 192
68 31 193
533 31 193
194 31 193
375 31 194
963 31 195
375 31 196
370 31 196
975 31 196
56 31 197
44 31 197
508 31 198
46 31 198
385 30 198
61 30 199
456 30 199
956 30 199
201 30 202
540 30 203
749 30 203
239 30 204
287 30 204
386 30 204
934 30 205
546 30 207
540 30 209
260 30 209
835 30 209
800 29 210
623 29 214
844 29 214
671 29 214
295 29 214
206 29 214
652 29 215
211 29 216
863 29 219
315 29 219
661 29 219
302 29 220
657 29 221
568 29 221
245 29 222
863 29 223
212 28 223
257 28 223
855 28 224
249 28 225
27 28 225
165 28 226
261 28 227
377 27 228
67 27 228
208 27 230
320 27 230
327 27 230
560 27 231
384 27 232
184 27 232
87 27 233
503 27 234
410 26 234
879 26 234
203 26 234
814 26 234
545 26 235
279 26 235
511 26 235
944 26 236
226 26 236
356 26 236
744 25 238
669 25 239
574 25 241
980 25 241
137 25 242
846 25 243
53 25 244
659 25 245
940 25 246
149 25 247
420 25 247
475 25 247
426 25 247
746 24 247
906 24 248
17 24 251
767 24 251
475 24 252
77 24 253
707 24 254
277 24 254
75 24 254
740 24 257
421 24 257
787 24 257
771 23 257
336 23 258
82 23 260
153 23 261
383 23 263
892 23 263
480 23 264
523 23 264
727 23 264
38 23 265
268 23 265
504 23 266
677 23 266
745 23 266
181 23 266
325 23 268
382 23 269
976 23 269
837 23 269
435 23 270
225 22 271
825 22 272
257 22 272
18 22 274
93 22 274
868 22 274
305 22 274
336 22 274
864 22 276
479 22 276
123 22 277
283 22 277
57 22 278
679 22 278
842 22 279
374 22 279
135 21 280
621 21 280
124 21 281
795 21 282
91 21 282
866 21 284
906 21 284
709 21 285
815 21 286
233 21 286
392 21 287
529 21 287
218 21 288
319 21 289
836 21 289
385 21 289
876 21 290
481 20 290
451 20 292
820 20 293
91 20 293
811 20 293
959 20 294
454 20 295
473 20 295
432 20 296
285 20 296
183 20 299
804 20 300
315 20 300
362 20 300
890 19 300
989 19 300
825 19 301
942 19 301
804 19 301
124 19 302
304 19 303
73 19 304
391 19 304
584 19 304
800 19 304
481 18 304
483 18 305
869 18 306
797 18 309
782 18 309
368 18 309
910 18 312
758 18 312
669 18 312
154 18 313
402 18 314
37 18 315
608 18 315
216 18 317
946 17 317
259 17 318
310 17 319
891 17 319
160 17 322
472 17 323
151 17 323
624 17 323
676 17 324
771 17 325
472 17 325
227 17 326
184 17 327
620 17 329
205 17 329
440 17 330
363 16 332
964 16 332
676 16 334
342 16 335
283 16 335
389 16 336
382 16 336
651 16 336
715 16 336
172 16 337
537 16 337
310 16 339
300 15 339
711 15 339
896 15 339
373 15 340
664 15 340
828 15 341
4 15 341
203 15 342
466 15 342
552 15 343
771 15 343
221 15 343
832 15 344
937 15 347
63 15 352
306 15 353
898 14 353
713 14 354
714 14 354
381 14 355
309 14 355
423 14 355
709 14 356
792 14 357
528 14 358
467 14 358
816 14 358
327 14 358
472 14 359
630 13 359
171 13 360
710 13 360
503 13 360
884 13 361
99 13 362
863 12 362
751 12 362
991 12 363
897 12 364
644 12 364
484 12 364
289 12 365
908 12 366
869 12 367
431 12 367
342 11 371
743 11 371
927 11 372
534 11 373
203 11 374
693 11 374
338 11 375
425 11 376
535 11 378
984 11 379
509 11 380
200 11 380
988 11 380
697 11 381
831 10 382
689 10 382
938 10 382
913 10 382
284 10 382
501 10 383
841 10 383
398 10 383
59 10 384
618 10 387
256 10 388
178 10 388
57 10 388
203 10 390
623 10 391
638 9 391
668 9 394
763 9 395
725 9 395
627 9 396
885 9 397
760 9 397
143 9 400
577 9 400
530 9 401
868 9 401
110 9 401
736 9 401
863 9 402
792 9 402
380 9 407
531 9 407
385 9 409
257 9 409
610 8 409
806 8 410
438 8 411
964 8 412
529 8 413
868 8 413
333 8 414
133 8 415
827 8 416
243 8 417
222 8 417
931 8 420
341 8 420
283 7 420
141 7 421
544 7 424
764 7 425
281 7 425
632 7 426
548 7 427
376 7 427
906 7 427
306 7 427
9 7 428
33 7 429
418 7 429
971 7 429
546 7 430
285 7 430
837 7 431
134 6 431
188 6 434
788 6 434
237 6 435
40 6 436
22 6 436
944 6 436
410 6 438
240 6 439
629 6 439
132 6 440
383 6 442
855 5 444
904 5 444
967 5 445
369 5 445
700 5 447
571 5 448
773 5 448
907 5 448
740 5 449
950 5 450
3 5 451
468 5 451
589 5 451
677 5 451
92 5 452
90 5 454
94 4 454
571 4 454
341 4 454
680 4 455
53 4 456
223 4 458
642 4 458
899 4 458
44 4 459
977 4 459
139 4 459
730 4 460
625 4 460
886 4 460
590 4 461
843 4 462
448 4 462
414 4 462
890 4 463
155 4 463
479 3 464
143 3 465
341 3 466
902 3 467
261 3 469
131 3 471
139 3 471
708 3 471
328 3 472
988 3 473
387 3 474
316 3 474
675 3 476
623 3 477
936 2 477
778 2 478
872 2 479
6 2 479
697 2 479
35 2 480
983 2 480
944 2 481
293 2 482
226 2 482
227 2 485
83 2 485
999 2 488
212 2 488
437 2 489
818 2 489
145 2 489
269 1 489
720 1 491
801 1 492
376 1 492
533 1 492
32 1 493
437 1 493
596 1 494
869 1 494
7 1 495
985 1 496
954 1 496
307 1 496
30 1 496
666 1 497
648 1 497
950 1 498
548 1 498
540 1 499
