700 6 10
854 1 1
369 1 3
146 1 4
683 1 4
469 1 4
337 1 5
533 1 5
580 1 6
426 1 6
995 1 6
757 1 7
386 1 7
646 1 7
614 1 8
708 1 8
653 1 9
311 1 10
294 1 10
212 1 10
753 2 11
772 2 13
852 2 14
559 2 14
403 2 15
156 2 15
221 2 15
561 2 16
635 2 16
84 2 16
280 2 16
682 2 17
716 2 17
980 2 17
680 2 18
164 2 20
910 2 20
924 2 20
969 2 21
429 3 22
61 3 22
80 3 23
664 3 23
281 3 24
242 3 24
877 3 25
363 3 25
752 3 26
487 3 26
751 3 26
992 3 26
119 3 26
632 3 27
176 3 29
890 3 29
702 3 30
205 4 32
767 4 32
493 4 33
830 4 35
364 4 35
355 4 37
523 4 37
164 4 37
147 4 38
307 4 38
615 4 39
782 4 39
307 4 40
299 5 40
254 5 40
368 5 40
912 5 41
309 5 43
789 5 43
795 5 44
685 5 45
457 5 45
998 5 45
396 5 46
724 5 47
306 5 48
564 5 48
469 5 48
347 5 48
351 5 51
230 6 52
706 6 53
522 6 54
459 6 54
113 6 55
385 6 56
33 6 56
330 6 58
709 6 58
383 6 59
247 6 60
528 6 60
777 6 62
579 6 63
789 6 63
559 6 64
3 6 64
450 6 64
456 7 64
340 7 65
440 7 65
414 7 66
29 7 67
223 7 68
817 7 68
459 7 72
576 7 72
846 7 76
630 7 77
40 7 77
805 7 77
749 7 77
677 8 78
358 8 79
887 8 80
699 8 80
803 8 80
737 8 81
478 8 82
308 8 83
683 8 83
359 8 83
483 8 84
975 8 84
780 8 85
905 9 85
912 9 87
91 9 87
76 9 89
670 9 89
346 9 91
331 9 91
547 9 91
422 9 91
968 9 91
322 9 92
50 9 92
74 9 92
526 9 93
325 9 95
282 9 95
838 10 97
586 10 98
140 10 98
225 10 100
783 10 100
495 10 100
725 10 100
472 10 100
463 10 101
807 10 101
133 10 102
344 10 102
738 10 103
452 10 104
635 11 104
834 11 106
52 11 106
967 11 107
587 11 108
629 11 108
305 11 108
730 11 111
196 11 113
658 11 113
160 11 114
233 11 115
679 11 115
876 12 115
989 12 116
906 12 117
460 12 117
324 12 117
201 12 118
709 12 120
387 12 120
256 12 122
425 12 123
383 12 123
555 12 123
27 12 124
784 13 127
417 13 128
650 13 128
344 13 129
154 13 131
493 13 131
482 13 133
672 13 133
990 13 135
416 13 135
108 13 135
467 13 135
254 13 135
483 13 137
388 13 139
515 14 139
86 14 139
940 14 140
497 14 140
124 14 140
463 14 141
529 14 141
567 14 141
903 14 142
263 14 143
668 14 143
651 14 144
206 14 144
903 14 145
2 15 145
274 15 145
2 15 146
289 15 146
822 15 146
718 15 146
423 15 146
291 15 149
91 15 149
215 15 149
658 15 150
716 16 150
790 16 150
26 16 151
913 16 151
338 16 152
457 16 152
904 16 153
696 16 153
862 16 153
84 16 153
237 16 154
828 16 154
933 16 155
143 17 157
858 17 157
800 17 158
755 17 158
178 17 160
482 17 160
501 17 160
454 17 161
301 17 161
639 17 161
623 17 164
644 17 167
219 18 167
190 18 167
578 18 168
434 18 168
249 18 169
853 18 169
691 18 169
563 18 169
989 18 171
335 18 171
251 18 172
329 18 172
330 18 173
938 18 173
110 19 175
731 19 175
255 19 177
870 19 178
818 19 178
858 19 179
943 19 179
129 19 181
347 19 183
50 19 183
363 19 184
339 19 186
795 19 186
410 19 188
203 20 188
60 20 189
159 20 189
343 20 190
621 20 190
21 20 191
700 20 192
707 20 192
244 20 192
986 20 193
840 20 193
246 20 193
161 21 194
977 21 194
926 21 194
342 21 195
519 21 195
71 21 197
1 21 197
33 21 198
424 21 198
776 21 199
625 21 199
212 21 200
77 21 200
200 21 201
340 22 201
662 22 201
435 22 201
803 22 201
459 22 203
966 22 204
721 22 204
326 22 205
301 22 205
909 22 205
478 22 206
528 22 206
922 23 207
866 23 207
223 23 209
384 23 211
469 23 212
105 23 212
454 23 212
212 23 212
13 23 213
487 23 213
766 23 213
747 23 214
573 24 214
724 24 214
323 24 214
48 24 215
366 24 215
389 24 215
631 25 215
579 25 216
190 25 216
284 25 217
86 25 219
525 25 220
970 25 221
695 25 221
339 25 221
473 25 224
119 25 224
250 25 224
11 25 224
778 25 225
430 25 226
778 25 227
959 25 227
516 25 229
502 26 229
968 26 232
168 26 234
779 26 234
452 26 234
885 26 235
963 26 239
338 26 240
317 26 241
560 26 242
772 26 242
841 26 243
540 26 245
241 27 245
414 27 245
806 27 246
238 27 251
633 27 252
448 27 252
806 27 253
962 27 255
177 27 255
972 27 256
264 27 256
511 27 258
883 27 259
841 27 259
887 27 260
526 28 261
936 28 261
208 28 261
722 28 263
71 28 263
447 28 264
371 28 264
466 28 265
903 28 265
831 28 265
161 28 266
447 28 267
998 28 271
105 28 271
183 28 271
247 28 271
207 28 273
517 29 274
592 29 274
796 29 274
120 29 274
824 29 275
173 29 275
561 29 276
121 29 276
727 29 276
904 29 277
769 29 278
418 29 279
370 29 279
914 30 281
988 30 281
853 30 281
696 30 281
221 30 282
286 30 282
59 30 282
786 30 283
323 30 284
222 30 286
659 30 286
959 30 288
373 30 289
560 30 289
708 30 290
940 30 291
904 30 291
751 30 292
83 31 293
493 31 295
1 31 295
627 31 296
312 31 299
861 31 299
249 31 299
26 31 300
499 31 301
526 31 303
540 31 305
783 31 306
236 31 308
213 32 308
204 32 308
212 32 309
632 32 309
861 32 309
570 32 309
44 32 310
567 32 310
974 32 311
844 32 312
914 32 312
475 32 312
498 32 313
250 33 313
464 33 313
339 33 314
396 33 315
427 33 315
557 33 316
309 33 316
829 33 318
412 33 318
77 33 319
658 33 319
652 33 319
952 33 320
38 34 320
794 34 321
153 34 321
780 34 321
813 34 321
745 34 322
191 34 322
473 34 323
291 34 324
658 34 325
756 34 325
420 34 326
904 34 327
791 34 328
590 35 329
362 35 330
986 35 330
923 35 331
243 35 331
613 35 333
722 35 334
774 35 336
957 35 337
340 35 338
203 35 339
136 35 340
968 36 343
86 36 343
688 36 343
721 36 343
897 36 343
815 36 344
568 36 345
996 36 346
693 36 348
787 36 349
505 36 349
132 36 349
156 36 350
687 37 351
118 37 352
303 37 354
456 37 355
647 37 355
70 37 355
711 37 356
254 37 356
258 37 356
467 37 356
903 37 361
551 37 361
41 37 362
387 37 363
907 38 364
611 38 364
663 38 365
999 38 365
400 38 366
947 38 368
619 38 368
854 38 368
546 38 369
41 38 370
968 39 371
317 39 372
164 39 373
542 39 373
397 39 374
973 39 375
994 39 375
688 39 376
728 39 376
793 39 377
283 40 377
342 40 377
390 40 378
586 40 378
83 40 378
290 40 378
958 40 379
577 40 380
676 40 380
818 40 380
779 40 380
592 40 380
556 40 383
738 40 383
392 41 384
557 41 385
393 41 385
801 41 387
781 41 387
324 41 388
817 41 388
502 41 390
448 41 390
616 41 390
519 41 392
192 41 394
383 41 396
230 42 396
207 42 396
679 42 397
410 42 398
407 42 398
75 42 398
218 42 398
822 42 400
415 42 401
574 42 401
526 42 401
611 42 402
518 43 403
349 43 403
975 43 403
407 43 404
435 43 404
86 43 406
894 43 407
907 43 407
920 43 407
928 43 409
199 43 409
955 43 409
326 43 410
130 43 413
678 43 414
283 43 417
262 44 417
895 44 419
366 44 422
821 44 422
928 44 423
999 44 424
302 44 424
551 44 425
372 44 428
562 44 429
400 44 430
458 44 432
307 44 432
165 44 433
646 44 433
693 44 433
336 44 433
54 44 433
955 44 435
359 44 436
105 45 437
756 45 437
20 45 439
588 45 439
612 45 440
320 45 440
857 45 440
143 45 441
504 45 441
440 45 442
404 45 443
189 45 443
561 46 444
874 46 444
909 46 444
90 46 445
79 46 446
190 46 446
551 46 447
237 46 447
244 46 448
164 46 449
371 46 449
742 47 450
728 47 451
212 47 451
47 47 452
545 47 453
11 47 454
60 47 455
450 47 456
866 47 456
998 47 457
772 47 458
62 47 459
407 47 461
926 47 462
525 47 462
67 47 463
157 47 464
894 47 464
32 47 465
356 47 467
995 47 468
352 48 469
204 48 470
64 48 470
147 48 470
503 48 471
463 48 471
416 49 473
551 49 474
332 49 474
549 49 475
408 49 475
8 49 475
756 49 476
478 49 476
651 49 476
249 49 476
154 49 478
626 49 481
63 49 481
658 49 483
958 49 485
584 50 485
914 50 487
432 50 488
425 50 489
476 50 489
344 50 489
106 50 491
892 50 492
830 50 493
858 50 493
79 50 493
820 50 494
431 50 495
581 50 495
19 50 496
900 50 497
975 50 498
324 50 499
81 50 500
