400 3 5
385 31 476
270 35 440
682 34 119
243 32 35
529 43 73
715 32 355
470 39 299
929 17 37
803 5 344
820 12 313
782 2 282
262 11 279
670 3 322
29 36 397
61 14 106
554 45 391
40 14 155
934 2 378
66 43 500
827 42 344
686 37 250
507 30 226
475 40 15
432 4 156
858 37 177
71 24 64
729 34 474
305 39 139
994 38 209
800 41 374
208 2 396
755 11 254
712 37 77
245 45 324
954 33 175
624 39 227
458 48 359
628 32 66
847 25 349
779 47 363
47 19 295
440 6 236
851 13 444
641 18 498
771 44 14
311 18 15
603 3 261
292 44 464
201 1 466
586 45 322
310 28 297
426 26 369
707 9 404
4 26 448
372 45 411
147 25 487
984 20 338
909 21 217
598 10 88
792 47 124
906 8 59
496 30 184
938 18 109
263 49 379
105 22 298
216 30 411
977 49 395
716 14 444
161 22 198
490 16 373
871 34 82
170 20 75
332 15 102
115 25 261
14 42 365
647 31 469
829 23 32
801 27 453
151 40 262
510 8 67
98 34 136
415 21 155
182 7 243
174 12 24
924 7 199
769 17 488
610 3 484
473 19 407
204 6 426
511 48 14
198 38 111
208 1 315
173 6 153
7 7 27
455 2 469
274 13 166
905 41 360
163 12 220
994 12 366
19 32 365
130 39 213
473 12 381
961 6 210
50 24 309
911 5 97
920 5 404
83 11 149
219 42 287
816 48 21
543 16 205
917 48 109
668 48 230
463 24 129
265 21 476
928 30 42
348 36 2
404 11 293
677 14 186
993 7 149
542 24 22
469 22 414
978 45 154
367 2 410
308 32 7
6 43 241
647 45 440
500 29 401
542 40 244
788 13 375
904 43 472
411 23 149
474 42 30
393 38 129
548 10 93
131 35 213
574 35 380
4 13 43
252 34 9
246 12 87
394 33 129
816 48 106
685 31 21
408 29 86
122 16 450
717 46 157
341 21 458
847 49 311
687 22 187
384 26 37
252 1 91
548 17 272
445 25 369
828 23 41
209 48 491
347 10 362
336 6 433
155 11 409
982 12 50
861 4 66
400 36 309
740 8 350
302 20 35
735 21 127
244 2 40
402 29 472
169 45 397
911 4 219
396 13 338
405 20 365
506 8 100
811 47 407
831 32 170
624 10 282
727 14 328
637 4 53
747 34 315
816 31 419
215 34 181
471 6 441
75 21 454
549 27 63
618 19 326
528 26 392
387 28 233
655 5 269
977 24 339
456 16 30
280 2 49
463 23 87
350 49 293
269 16 158
740 25 417
568 3 118
383 43 165
123 42 20
902 17 215
712 4 216
691 31 74
209 8 435
638 31 66
649 43 46
982 44 204
798 40 318
702 36 223
998 26 33
289 48 439
208 39 349
412 34 405
603 13 264
426 7 441
429 22 45
893 50 447
21 46 227
651 41 327
720 38 460
516 49 344
569 37 407
30 27 462
497 10 470
465 2 406
277 37 298
189 11 366
633 46 2
566 42 453
153 10 419
79 16 138
161 25 9
202 19 166
537 50 195
142 3 498
495 35 219
953 4 392
393 16 359
485 28 366
132 41 283
579 29 339
580 16 195
55 3 468
276 29 364
921 2 473
362 42 183
91 50 297
859 33 322
400 44 447
709 41 13
547 21 198
233 6 414
964 35 435
95 30 215
851 5 334
866 40 467
118 25 188
995 11 347
909 22 460
101 49 394
769 15 443
733 19 352
131 13 397
647 45 93
374 33 110
440 22 135
790 1 296
907 41 433
616 22 156
203 29 192
795 18 78
736 12 390
291 5 75
552 33 136
13 16 54
334 8 212
990 5 281
226 45 433
693 9 447
519 2 380
720 8 10
25 23 257
406 2 140
647 28 88
327 20 467
732 12 364
564 30 29
944 41 392
683 26 332
507 48 256
684 29 439
516 10 498
602 18 292
984 17 450
894 48 223
671 14 157
645 14 183
776 10 395
223 11 373
937 47 206
113 3 374
738 3 241
835 44 416
118 2 64
353 9 462
308 21 73
687 30 466
994 23 471
47 4 486
726 49 378
165 39 149
564 13 16
617 48 255
773 8 204
712 44 328
61 23 191
648 8 466
701 7 39
326 18 288
413 12 34
645 33 478
674 21 46
437 13 299
835 6 326
245 7 85
876 13 209
541 48 472
407 41 212
284 10 327
238 20 7
949 50 331
206 44 275
830 11 10
611 41 301
306 2 484
970 44 348
17 44 421
381 15 164
370 15 229
579 39 279
415 49 381
906 50 218
278 9 16
62 37 93
128 31 166
988 14 85
941 3 146
440 12 323
788 39 46
101 6 91
733 36 379
927 47 216
206 46 337
996 36 154
275 13 477
270 27 290
902 11 172
648 48 128
828 27 244
610 14 107
822 20 25
479 45 48
676 8 48
398 17 110
636 2 68
729 26 93
363 4 157
200 30 351
783 35 395
463 48 99
528 42 488
606 5 293
915 30 8
819 13 440
213 49 3
201 30 292
79 36 300
444 2 272
825 42 203
36 8 461
815 34 121
688 34 281
140 43 310
104 41 478
725 41 190
181 19 447
60 44 272
56 44 21
48 20 2
773 8 344
830 14 215
60 11 208
143 21 107
725 3 56
224 42 427
293 46 212
231 23 104
177 18 404
283 17 4
332 11 260
344 16 41
246 38 381
30 1 466
255 48 157
663 31 165
