150 8 7
281 23 274
169 26 69
225 25 399
225 20 166
169 45 388
505 47 367
393 32 454
57 28 169
113 19 141
113 39 343
337 38 410
449 49 396
505 48 259
393 4 306
505 35 345
225 19 368
113 21 7
169 15 95
113 11 90
225 47 252
225 41 418
449 12 174
449 42 170
393 7 129
505 34 4
505 14 25
225 36 115
57 38 435
505 38 82
337 34 29
449 50 220
337 45 251
113 26 23
449 49 204
281 30 388
113 24 187
169 41 422
505 38 224
281 38 273
169 13 24
393 22 127
57 17 48
505 2 282
337 41 192
113 49 427
281 7 198
393 8 86
393 32 247
393 49 443
57 27 361
57 28 384
169 16 485
57 31 361
505 35 500
393 43 474
449 48 379
505 13 290
113 42 197
57 2 377
113 9 426
393 23 280
281 32 289
225 13 272
337 19 58
57 25 472
169 29 29
393 5 178
337 9 250
113 26 348
57 18 103
113 44 187
169 20 245
113 44 75
505 43 369
393 10 246
505 13 73
393 6 95
57 25 22
225 12 312
449 6 8
449 36 120
169 2 196
225 44 140
337 22 410
57 16 206
225 10 70
169 30 200
393 14 242
113 2 116
281 2 16
505 9 406
337 7 377
281 35 408
113 10 368
449 14 399
225 30 64
393 39 400
113 33 420
281 9 89
449 44 16
337 11 188
225 6 482
113 6 151
337 42 345
505 24 234
225 12 116
57 32 438
281 44 392
113 15 278
449 5 306
505 34 156
225 23 427
169 26 30
449 49 198
337 46 224
449 31 148
505 45 326
281 38 127
337 14 74
281 10 213
449 44 303
337 25 153
337 43 416
393 42 19
113 5 134
393 40 89
57 26 278
113 18 205
281 46 168
281 43 25
225 50 473
225 16 268
505 42 332
281 14 159
337 34 53
113 11 62
225 47 243
337 32 131
169 45 366
225 37 349
337 43 150
57 21 139
225 23 313
281 41 158
281 29 470
505 28 352
225 24 183
225 12 378
281 12 297
225 23 75
