1000 9 10
957 17 494
951 41 309
745 45 394
351 7 63
253 21 391
757 45 475
16 31 330
172 49 279
962 7 71
265 48 219
210 24 417
735 14 70
606 34 167
427 12 258
578 17 255
645 5 436
160 49 318
878 16 221
642 14 100
969 26 125
3 25 115
471 38 244
407 34 216
49 35 343
279 4 427
486 6 214
874 22 273
254 28 179
530 30 261
134 16 221
375 3 337
106 28 28
227 22 295
209 16 498
158 28 380
946 46 321
437 13 326
596 45 493
556 34 18
91 27 468
115 14 390
73 31 282
598 5 194
434 30 161
493 13 459
212 22 168
49 14 92
260 26 449
543 44 224
964 33 96
305 35 273
492 17 17
273 40 463
459 32 391
692 21 61
60 15 426
848 39 294
601 49 137
106 47 89
611 4 309
831 7 117
673 27 405
892 46 395
861 34 152
66 6 20
287 18 281
461 18 179
345 29 256
737 12 141
432 26 343
786 33 168
508 44 188
636 28 419
777 38 111
242 17 388
595 40 328
736 46 50
284 11 241
169 9 442
526 5 203
469 25 183
749 5 27
111 23 106
642 1 435
586 8 235
754 16 376
80 49 98
533 37 181
631 34 444
696 12 215
288 43 452
316 17 260
30 10 41
227 12 74
710 23 87
130 42 48
543 30 400
844 41 216
794 18 140
576 23 100
653 48 133
670 2 294
628 2 119
658 41 258
873 11 30
20 34 367
18 44 499
760 38 399
930 40 278
370 42 246
413 1 380
10 32 475
438 8 135
499 43 208
497 38 10
148 15 476
609 13 420
426 32 228
728 10 491
642 20 281
728 48 499
737 31 291
242 43 126
887 10 150
386 4 116
391 31 490
203 2 98
182 11 479
12 36 292
430 42 90
640 37 360
834 30 74
70 20 129
474 15 294
48 1 412
481 49 219
134 9 147
558 16 396
691 9 419
531 47 387
751 15 235
767 17 443
858 13 302
761 10 256
78 48 349
308 20 202
787 28 391
65 23 168
291 17 465
4 35 130
679 31 15
806 49 430
352 32 146
639 35 446
770 12 331
286 17 82
760 17 135
185 3 111
270 13 431
12 24 297
270 34 198
208 16 291
284 22 165
708 44 32
903 27 455
647 15 446
304 34 18
709 1 174
126 5 127
826 40 73
881 23 16
41 43 54
988 3 195
266 32 60
346 31 25
864 14 55
49 44 159
890 44 62
960 42 280
252 15 167
603 7 147
615 48 76
336 11 118
670 11 227
161 29 425
862 35 330
868 43 251
557 4 460
603 42 342
222 26 194
283 14 186
32 41 271
584 5 323
438 2 316
970 10 223
242 45 155
5 49 96
97 24 116
834 29 125
267 45 376
862 8 321
518 15 299
816 39 90
45 8 413
740 37 491
580 5 488
291 41 168
508 33 492
211 47 175
58 24 3
269 43 164
736 46 397
333 12 270
973 3 160
649 50 436
997 37 473
55 34 485
634 2 498
142 9 277
922 25 404
911 12 164
154 28 343
878 15 224
583 48 409
8 7 272
252 41 296
165 11 304
959 19 91
811 31 188
670 46 318
689 16 78
46 21 433
995 24 404
61 50 427
843 31 265
165 5 80
780 8 94
772 46 116
223 5 255
728 45 289
456 16 347
169 45 133
766 28 408
530 36 30
950 48 465
882 41 475
589 4 146
639 41 127
472 7 396
870 1 250
970 5 299
879 25 173
593 19 238
944 34 454
403 32 60
163 5 266
513 48 200
14 33 147
954 46 139
193 36 48
189 31 314
207 16 205
249 12 480
474 36 164
911 29 278
811 40 162
502 14 196
627 42 392
950 10 14
556 7 232
108 47 99
313 1 493
507 13 177
353 8 260
438 6 328
726 7 391
273 19 121
531 19 53
161 3 160
720 48 393
599 17 240
544 28 434
68 14 20
370 11 457
92 37 47
828 15 186
806 31 375
970 27 195
110 47 283
328 31 349
293 28 460
962 36 231
200 24 371
746 46 317
847 7 492
811 11 321
671 34 215
20 28 407
119 12 329
860 15 455
673 36 184
168 31 8
573 42 252
338 10 206
498 18 4
784 14 253
146 38 213
935 32 458
163 45 170
651 23 350
775 4 325
933 38 481
391 30 23
323 2 299
674 45 491
996 40 443
853 49 172
620 43 236
532 42 120
24 6 391
613 7 321
630 41 51
209 30 398
455 38 426
592 3 98
179 2 185
829 10 401
406 29 13
239 29 389
588 25 215
416 4 410
420 33 295
967 34 8
125 14 316
494 21 296
199 34 204
47 32 212
961 20 163
390 25 145
827 17 500
15 10 39
351 25 485
677 17 413
249 4 428
510 10 411
267 42 256
246 1 213
956 38 219
671 42 245
65 41 304
264 37 204
191 22 103
336 4 474
540 39 248
883 14 371
764 3 346
559 46 16
805 36 206
257 3 239
158 49 288
75 29 181
759 40 9
670 24 353
286 12 246
452 5 321
774 24 67
204 26 301
460 21 444
359 37 298
791 43 14
5 20 13
540 10 193
89 22 169
403 11 171
141 13 444
616 43 241
110 2 267
668 15 398
316 25 447
381 23 253
422 24 458
778 38 342
158 17 33
157 40 418
836 20 487
335 29 233
543 43 253
276 48 7
651 39 9
837 42 12
854 39 415
648 15 477
911 9 416
897 37 485
164 23 260
680 26 426
572 40 48
688 37 182
345 16 203
733 10 458
751 3 312
880 17 206
396 32 376
255 23 426
14 50 100
794 35 44
445 40 228
239 11 330
501 46 191
298 14 275
97 24 147
738 49 461
567 36 150
808 10 349
850 3 26
173 19 9
718 17 410
881 49 24
296 45 153
973 1 418
120 49 257
366 29 19
648 46 37
286 38 236
479 20 145
742 43 119
479 10 392
948 1 117
572 39 448
367 33 193
651 4 221
7 15 333
81 11 320
719 25 472
511 49 336
639 39 145
457 20 363
256 18 240
128 43 326
208 40 75
541 15 244
745 15 321
177 13 206
592 28 187
309 43 78
442 30 99
728 7 324
572 22 232
64 12 61
399 2 331
315 15 288
561 34 453
585 7 187
765 11 159
995 3 271
206 33 71
999 7 448
674 19 295
915 48 261
439 30 325
456 49 210
966 37 160
236 24 391
133 38 210
450 43 229
791 16 59
73 10 480
154 36 76
399 45 3
298 8 262
434 32 76
537 12 105
835 44 216
509 49 51
792 38 132
123 9 87
900 23 113
633 2 74
332 36 281
765 8 53
279 4 103
221 18 213
956 28 28
37 43 450
738 6 200
13 48 399
275 1 27
747 4 31
690 23 17
233 7 414
267 50 143
813 33 484
923 12 302
337 3 186
834 3 482
116 7 100
670 17 227
174 50 411
543 47 55
178 42 201
331 6 492
396 27 116
232 33 197
542 49 7
499 13 165
131 11 446
369 40 217
654 19 221
473 40 236
372 13 431
243 32 465
372 29 339
158 43 104
303 14 203
342 23 258
380 2 315
600 32 283
347 34 449
636 14 225
218 8 402
454 9 496
407 20 303
684 25 130
377 32 176
249 24 148
966 13 248
472 33 81
910 36 300
1 45 2
695 32 133
757 21 167
588 12 246
57 17 293
209 3 4
404 38 454
329 32 150
313 34 362
541 42 353
465 13 441
943 4 85
960 47 255
93 13 97
815 15 259
525 43 256
891 43 332
810 5 423
718 15 86
268 12 26
742 33 345
539 21 190
283 34 296
254 10 172
445 40 217
824 26 111
762 46 118
936 14 491
14 28 323
878 35 251
331 43 161
729 39 365
494 45 474
590 14 132
406 26 378
28 22 125
70 47 247
718 13 19
300 45 58
528 38 174
25 1 155
928 31 200
451 33 236
584 44 75
428 41 410
384 8 378
222 28 343
837 1 76
641 41 488
856 48 499
488 13 216
271 39 493
80 14 474
959 28 65
459 47 368
915 6 284
484 7 193
361 4 113
888 20 294
14 27 295
239 21 132
31 47 376
637 15 369
857 25 216
123 5 236
182 2 68
551 1 325
814 3 360
581 21 361
46 33 228
371 38 305
822 50 462
815 23 136
344 3 303
765 21 21
902 23 372
433 44 260
786 37 492
339 13 230
727 34 472
60 26 246
438 31 483
151 26 231
482 37 38
803 20 377
998 13 309
512 27 86
805 45 123
584 26 299
60 6 37
715 42 48
759 6 83
680 46 238
21 10 298
204 50 93
856 23 472
754 24 282
949 24 129
507 41 401
237 35 345
667 37 241
781 36 401
389 17 180
488 40 174
614 34 181
769 19 391
496 11 138
588 45 218
452 26 14
710 10 100
178 25 271
991 15 148
623 22 408
57 35 161
688 26 5
569 49 271
627 31 159
186 6 65
526 26 149
153 36 333
899 4 214
358 6 303
343 40 466
407 13 214
812 1 178
691 22 475
298 26 458
756 39 270
857 48 286
550 42 388
583 27 260
446 22 234
179 47 345
337 41 352
446 6 79
569 15 203
404 33 186
456 27 75
547 35 441
768 29 214
904 16 323
289 33 374
632 22 463
561 37 151
600 17 5
227 40 387
838 36 384
255 7 10
611 21 200
919 13 98
217 22 397
265 17 16
154 33 352
27 17 299
407 5 294
369 46 414
271 38 448
998 48 128
101 31 239
272 24 29
162 17 455
709 39 116
135 4 367
837 38 377
473 10 201
691 37 206
474 25 148
629 44 5
195 3 288
247 1 335
472 32 143
884 19 300
905 47 188
383 44 257
999 16 332
562 6 42
953 41 345
338 20 284
774 46 470
882 18 302
119 23 95
186 44 60
101 21 375
964 37 219
897 37 5
128 25 202
400 15 90
458 31 438
573 10 451
305 49 245
848 1 213
952 46 242
763 30 157
6 49 309
471 25 434
966 7 232
442 18 394
178 27 39
478 28 213
216 3 335
401 1 222
67 49 63
540 41 153
701 11 365
500 4 365
883 25 71
829 25 329
261 31 388
359 37 204
152 13 272
132 27 485
444 24 94
395 26 293
943 34 379
223 19 474
427 49 100
59 3 15
567 41 239
542 49 403
862 42 306
940 30 228
49 46 262
967 6 219
361 6 192
942 15 204
109 5 80
18 5 360
212 40 30
417 36 208
760 11 174
836 15 386
15 39 234
536 40 408
89 8 452
538 11 249
255 46 135
324 23 437
938 40 98
948 1 476
910 14 153
622 42 470
251 48 84
916 49 275
10 21 204
524 21 234
89 18 350
561 3 355
852 5 427
406 2 23
374 1 351
124 39 237
553 50 54
509 17 303
610 2 463
735 36 418
886 23 436
256 48 365
86 32 163
453 17 331
541 19 151
435 11 399
241 46 32
418 47 190
116 3 449
13 35 342
67 46 349
976 3 352
974 32 399
862 34 301
119 45 75
50 4 289
538 20 27
202 36 344
61 35 131
929 39 282
263 42 35
598 8 445
853 22 386
353 32 317
114 12 117
101 48 346
335 3 180
167 2 364
375 11 458
958 49 199
367 13 387
202 29 352
939 1 86
517 7 294
749 13 221
331 16 38
435 27 58
611 3 362
322 30 73
243 42 317
870 16 461
508 38 360
303 14 70
903 50 34
397 21 454
965 32 441
214 15 161
226 1 16
572 36 231
439 33 100
940 48 329
968 29 175
833 35 487
139 9 327
774 33 283
978 4 429
465 49 442
347 13 55
887 28 392
843 30 324
635 28 166
98 18 429
132 20 475
366 11 356
781 13 241
689 10 269
910 45 383
385 7 228
283 34 309
638 33 486
694 21 125
195 43 432
198 46 241
881 43 42
935 3 104
670 7 363
713 8 230
373 30 136
21 10 202
649 6 174
528 34 392
777 12 40
434 16 459
948 6 306
930 42 431
570 27 320
633 22 237
112 26 162
958 44 285
742 10 362
779 6 390
507 4 433
434 43 97
878 27 1
78 49 479
310 23 167
918 32 373
152 19 209
597 16 483
323 29 31
456 30 251
983 47 454
170 31 180
158 24 218
258 3 374
912 29 397
641 38 346
295 26 215
358 7 61
259 25 463
885 34 488
201 12 19
714 46 120
260 13 279
949 16 444
90 18 239
999 43 265
628 25 183
145 45 324
912 8 136
476 48 474
624 39 259
37 14 67
908 50 239
960 14 477
237 49 362
560 16 370
870 47 43
356 21 212
397 20 354
367 33 212
941 41 433
376 4 204
210 10 271
554 5 370
737 8 179
749 17 263
885 21 408
71 46 468
479 1 81
560 30 65
954 19 58
125 48 404
960 3 201
55 20 451
916 2 149
704 24 260
334 42 337
860 50 176
599 9 13
139 39 43
996 44 112
383 44 494
623 10 386
491 18 270
298 43 301
56 22 113
731 24 233
199 30 110
882 38 24
659 7 335
814 37 212
278 9 426
498 24 467
917 28 92
412 3 53
953 23 446
454 3 16
675 33 125
212 31 378
159 2 2
937 49 127
707 50 268
55 6 340
782 47 258
328 43 474
394 20 322
892 18 146
166 50 263
276 39 218
804 36 452
679 6 94
202 17 67
170 45 17
75 29 181
141 6 324
520 7 483
16 34 437
112 1 106
181 16 154
39 13 409
230 50 337
397 38 308
718 24 327
375 1 197
535 34 177
860 32 183
56 50 75
723 29 109
131 6 421
409 19 107
865 41 197
51 38 189
610 8 275
122 17 448
117 21 298
559 39 13
967 33 226
751 6 76
818 30 359
357 11 54
815 24 353
301 42 393
254 13 353
867 9 52
941 5 36
909 38 410
