1000 3 7
75 1 1
926 1 1
304 1 1
957 1 2
120 1 2
846 1 3
763 1 4
414 1 4
523 1 5
19 1 6
485 1 6
772 1 8
164 1 9
795 1 9
969 1 9
939 1 10
644 1 10
232 1 10
563 1 10
33 2 11
631 2 11
84 2 12
541 2 12
237 2 12
323 2 13
136 2 13
187 2 14
543 2 14
983 2 14
294 2 14
213 2 15
370 2 15
931 2 15
478 2 15
622 2 17
374 2 17
408 2 17
389 2 18
941 2 18
363 2 19
907 2 19
266 2 20
328 3 20
728 3 20
739 3 21
995 3 21
95 3 21
736 3 22
292 3 22
356 3 22
68 3 22
438 3 23
920 3 24
711 3 24
757 3 24
120 3 25
866 3 25
847 3 26
27 3 26
222 3 27
758 3 28
118 3 28
307 4 29
574 4 29
560 4 29
935 4 29
111 4 30
88 4 30
143 4 31
198 4 32
424 4 32
260 4 32
350 4 33
939 4 33
217 4 34
764 4 34
239 4 35
797 4 36
779 4 36
395 4 37
620 4 37
419 4 38
513 4 39
525 4 39
300 4 40
726 4 40
727 4 40
816 4 40
590 5 41
98 5 41
620 5 42
224 5 42
724 5 43
171 5 43
441 5 44
201 5 45
279 5 45
916 5 45
645 5 45
141 5 45
155 5 46
107 5 46
606 5 47
829 5 47
671 5 48
921 6 49
838 6 50
20 6 51
876 6 51
429 6 51
512 6 52
743 6 53
256 6 54
608 6 54
101 6 54
905 6 55
901 6 56
11 6 56
720 6 57
779 6 57
954 6 59
148 6 60
994 6 60
353 6 61
406 6 61
376 6 62
794 6 63
663 6 63
76 7 64
914 7 65
85 7 65
178 7 65
80 7 65
826 7 66
374 7 66
91 7 69
460 7 70
401 7 70
802 7 71
342 7 71
47 7 72
656 7 72
722 7 72
81 7 74
771 7 74
48 7 75
406 7 75
680 8 76
641 8 77
675 8 78
75 8 78
661 8 79
603 8 79
146 8 80
384 8 81
940 8 82
790 8 82
913 8 83
555 8 83
349 8 84
970 8 84
613 8 84
59 8 84
819 8 85
936 8 85
253 8 85
361 9 85
713 9 86
951 9 86
950 9 86
776 9 86
396 9 86
794 9 86
264 9 86
150 9 86
780 9 89
305 9 89
758 9 90
878 9 90
92 9 90
267 9 91
875 9 92
948 9 92
480 9 92
85 9 93
160 9 94
140 9 94
566 10 94
714 10 94
114 10 95
175 10 95
302 10 95
702 10 96
296 10 98
411 10 98
235 10 98
208 10 99
690 10 100
349 10 101
227 10 103
148 10 104
484 10 104
446 10 105
27 10 106
691 10 107
290 10 107
447 10 108
316 10 108
896 10 108
726 10 108
274 10 109
778 11 109
215 11 110
845 11 113
39 11 113
826 11 114
75 11 115
480 11 116
480 11 116
571 11 117
516 11 117
767 11 118
946 11 118
894 11 118
332 11 118
39 11 118
896 11 118
808 11 119
181 11 119
667 11 121
421 11 121
710 11 121
857 11 121
664 11 122
814 11 122
863 11 122
788 11 123
339 12 124
898 12 124
165 12 124
682 12 125
158 12 125
847 12 125
229 12 126
649 12 126
119 12 126
354 12 126
991 12 126
667 12 127
969 12 128
402 12 128
143 12 128
866 12 129
315 12 129
721 12 130
865 12 131
111 12 131
231 13 132
192 13 132
276 13 133
298 13 133
190 13 133
14 13 134
677 13 134
432 13 134
414 13 135
285 13 135
804 13 135
523 13 135
989 13 135
290 13 136
723 13 137
724 13 138
479 13 138
559 13 139
203 14 141
13 14 141
948 14 142
462 14 142
25 14 142
918 14 142
389 14 143
900 14 143
438 14 143
727 14 143
764 14 143
527 14 144
820 14 145
621 14 145
115 14 146
614 14 148
268 14 148
202 14 149
965 14 149
803 14 150
908 14 151
133 14 151
513 14 152
199 15 152
469 15 153
747 15 153
190 15 153
795 15 154
259 15 155
681 15 155
584 15 155
479 15 155
470 15 156
768 15 157
855 15 157
281 15 158
974 15 158
771 15 158
304 15 158
171 16 159
331 16 159
439 16 160
885 16 160
625 16 160
90 16 160
231 16 161
720 16 161
37 16 162
83 16 163
620 16 163
270 16 163
761 16 164
559 16 164
565 16 164
678 16 164
849 16 164
120 16 165
9 16 165
144 17 165
186 17 166
664 17 166
750 17 166
658 17 166
563 17 166
979 17 167
876 17 167
510 17 169
294 17 169
953 17 170
516 17 171
263 17 171
779 17 172
147 17 172
534 17 173
74 17 173
50 17 173
591 17 175
316 17 176
274 17 176
122 17 176
447 17 176
673 18 176
395 18 176
939 18 177
427 18 177
124 18 178
528 18 179
668 18 180
999 18 180
71 18 180
889 18 180
282 18 181
351 18 181
535 18 182
660 18 182
711 18 182
358 18 182
831 18 183
963 18 184
162 18 184
126 18 185
37 18 185
838 18 186
968 18 186
834 18 186
777 18 186
215 18 191
302 18 191
216 18 192
710 19 192
132 19 192
962 19 194
754 19 194
822 19 195
322 19 197
718 19 197
739 19 198
294 19 198
636 19 198
247 19 199
39 19 199
979 19 199
547 19 199
680 19 199
59 19 199
159 19 200
191 19 200
470 19 200
883 19 200
244 19 201
916 19 201
664 19 201
290 20 202
852 20 202
416 20 203
182 20 204
300 20 204
939 20 204
784 20 204
930 20 204
48 20 206
809 20 207
659 20 208
511 20 208
865 20 208
944 20 209
142 20 210
484 20 211
451 21 211
486 21 212
518 21 212
45 21 213
691 21 213
839 21 213
796 21 213
895 21 214
640 21 215
147 21 215
506 21 216
590 21 217
973 21 217
863 21 218
292 21 218
973 21 219
816 21 220
731 21 220
626 21 220
24 21 220
844 21 221
335 21 221
722 22 221
201 22 222
283 22 223
403 22 223
858 22 224
854 22 224
224 22 225
305 22 225
947 22 226
76 22 226
424 22 227
545 22 227
113 22 227
170 22 227
712 22 229
81 22 230
894 22 230
12 22 231
402 22 231
191 22 232
911 22 233
921 22 233
505 22 234
45 22 234
599 23 234
76 23 235
36 23 235
607 23 235
327 23 236
780 23 237
568 23 237
859 23 237
783 23 238
912 23 238
509 23 239
174 23 239
365 23 240
195 23 240
466 23 240
351 23 241
60 23 241
463 23 241
693 23 242
978 23 242
985 23 244
681 23 244
651 24 245
612 24 245
279 24 245
929 24 246
301 24 246
150 24 246
818 24 247
541 24 247
227 24 248
872 24 248
248 24 249
657 25 249
395 25 251
523 25 251
292 25 252
77 25 252
410 25 253
178 25 253
124 25 254
394 25 255
691 25 255
310 25 255
954 25 256
794 25 257
877 25 257
789 25 257
199 25 258
275 25 258
30 25 258
855 25 259
179 25 259
840 25 260
358 25 261
860 26 261
666 26 262
765 26 262
470 26 263
477 26 263
680 26 264
260 26 265
303 26 265
621 26 265
901 26 265
353 26 266
687 26 267
460 26 267
580 26 268
462 26 270
223 26 270
265 26 271
605 26 271
364 26 272
32 26 272
192 26 272
410 26 273
575 26 273
571 26 274
303 27 274
863 27 277
140 27 277
951 27 277
649 27 278
850 27 280
641 27 280
205 27 280
310 27 280
178 27 281
17 27 282
704 27 282
576 27 283
917 27 283
780 27 284
833 27 285
169 27 286
825 27 286
351 27 286
718 27 286
670 28 287
179 28 287
716 28 287
474 28 287
202 28 288
918 28 288
857 28 289
968 28 289
944 28 289
972 28 290
157 28 291
769 28 291
106 28 292
120 28 292
101 28 292
253 28 292
183 28 293
331 28 293
242 28 295
902 28 295
620 29 295
341 29 295
667 29 297
992 29 297
290 29 299
196 29 300
287 29 300
612 29 301
447 29 301
744 29 301
959 29 302
156 29 302
660 29 302
527 30 302
780 30 302
281 30 303
323 30 304
252 30 307
709 30 308
800 30 308
546 30 308
849 30 308
602 30 308
259 30 309
816 30 309
510 30 314
802 30 314
51 30 315
211 30 316
490 30 317
261 30 318
787 30 319
300 31 319
110 31 320
263 31 321
592 31 321
976 31 322
241 31 322
754 31 323
829 31 324
251 31 325
126 31 326
686 31 327
283 31 327
915 31 328
882 31 329
416 31 330
182 31 330
862 31 331
73 31 332
829 31 333
858 31 333
89 31 334
832 31 334
649 31 335
948 31 335
183 31 335
397 31 336
152 31 337
53 31 337
514 32 337
578 32 339
847 32 340
137 32 341
145 32 342
513 32 342
768 32 342
750 32 343
701 32 343
345 32 344
273 32 344
40 32 345
929 32 347
719 32 347
824 32 348
769 32 349
502 32 349
160 32 349
845 32 350
22 32 350
705 32 351
450 32 351
308 33 351
556 33 352
962 33 353
867 33 355
21 33 355
497 33 356
130 33 357
385 33 358
50 33 358
928 33 359
343 33 359
744 33 359
452 33 359
652 33 360
398 33 360
106 33 360
402 33 361
477 34 362
623 34 362
816 34 362
792 34 362
617 34 363
942 34 364
399 34 364
952 34 364
217 34 364
659 34 366
102 34 367
407 35 368
796 35 368
407 35 368
379 35 369
30 35 369
322 35 369
641 35 370
70 35 370
931 35 370
502 35 371
532 35 372
534 35 372
4 35 372
959 35 372
551 35 372
959 35 372
72 35 372
544 35 373
570 35 374
36 35 374
58 35 375
266 36 376
7 36 376
425 36 376
242 36 379
659 36 379
540 36 379
578 36 380
834 36 380
256 36 381
428 36 381
599 36 381
194 36 382
198 36 382
620 36 382
409 36 383
656 36 383
766 36 385
873 36 385
774 36 385
704 37 386
943 37 387
308 37 387
808 37 388
699 37 389
390 37 389
190 37 389
963 37 390
495 37 390
808 37 392
78 37 392
333 37 392
299 37 393
1000 37 393
860 37 394
33 37 395
13 37 395
659 37 395
561 37 396
500 37 396
754 37 397
889 37 397
221 37 397
360 37 398
122 37 398
422 37 398
189 37 398
30 37 399
381 37 400
742 37 400
895 37 400
238 37 401
542 38 401
408 38 401
243 38 401
283 38 401
858 38 401
873 38 402
440 38 402
106 38 403
829 38 403
561 38 403
391 38 404
96 38 404
826 38 405
723 38 406
712 38 406
675 38 406
868 38 407
109 38 409
856 38 409
745 39 410
429 39 410
680 39 410
324 39 411
437 39 411
858 39 411
729 39 412
532 39 412
848 39 412
794 39 412
574 39 412
206 39 413
219 39 414
714 39 415
4 39 415
790 39 415
331 39 416
358 39 417
733 39 418
952 39 419
957 39 419
517 39 419
95 39 420
402 40 420
617 40 420
985 40 421
791 40 422
16 40 422
532 40 422
802 40 423
453 40 423
781 40 423
453 40 423
711 40 424
777 41 424
834 41 425
737 41 425
952 41 426
803 41 426
479 41 427
625 41 427
210 41 428
992 41 429
564 41 430
329 41 430
936 41 430
104 41 430
938 41 431
636 41 431
282 41 431
501 41 432
634 42 432
179 42 434
749 42 435
646 42 435
458 42 435
996 42 435
455 42 435
937 42 436
480 42 436
431 42 436
813 42 436
967 42 436
860 42 436
36 42 436
275 42 437
248 43 437
94 43 437
400 43 437
758 43 438
440 43 438
369 43 438
815 43 438
978 43 439
82 43 439
459 43 439
419 43 440
524 43 441
352 43 442
113 43 442
186 43 443
395 43 444
917 43 444
92 43 444
862 43 444
351 44 444
289 44 445
354 44 447
741 44 447
150 44 449
364 44 449
987 44 449
513 44 451
191 44 451
646 44 451
969 44 451
330 44 451
341 44 452
258 44 453
194 44 453
399 44 453
570 45 453
515 45 453
790 45 453
796 45 454
389 45 454
631 45 454
887 45 454
701 45 456
337 45 457
168 45 458
113 45 458
377 45 458
276 45 459
385 45 459
152 45 459
10 45 459
969 45 459
310 45 459
800 45 460
104 45 461
306 46 461
348 46 462
238 46 463
21 46 463
565 46 463
487 46 463
753 46 464
699 46 464
433 46 465
666 46 466
491 46 466
522 46 466
598 46 466
225 46 468
530 46 468
118 46 469
967 46 469
251 46 469
957 46 469
836 46 470
549 47 470
628 47 471
933 47 471
349 47 472
41 47 472
62 47 473
811 47 473
204 47 473
949 47 473
767 47 473
544 47 474
329 47 475
71 47 476
93 47 476
676 47 476
144 47 477
859 47 477
182 47 478
686 48 478
340 48 478
172 48 479
5 48 479
221 48 480
820 48 480
751 48 480
534 48 480
625 48 481
983 48 482
13 48 482
795 48 483
713 48 483
924 48 483
203 48 484
655 48 484
162 49 484
715 49 484
839 49 484
751 49 485
912 49 485
807 49 485
528 49 487
705 49 487
860 49 487
4 49 488
282 49 488
868 49 488
602 49 489
797 49 490
605 49 490
391 49 490
486 49 490
959 49 491
458 49 491
582 49 492
803 49 492
330 50 493
26 50 493
670 50 493
511 50 494
149 50 495
874 50 496
946 50 496
166 50 497
888 50 497
894 50 498
70 50 498
978 50 499
461 50 500
945 50 500
208 50 500
