850 10 10
497 22 196
136 22 484
535 2 476
372 48 161
320 20 392
878 28 310
267 38 101
354 17 337
612 50 276
466 5 67
863 16 212
754 39 377
793 6 259
585 9 31
231 31 320
424 24 422
811 28 217
635 8 233
150 32 276
429 38 93
809 7 287
320 24 232
512 38 246
229 16 323
525 37 126
160 37 14
26 20 239
272 43 456
693 6 281
411 39 237
38 22 247
992 46 334
241 5 364
632 22 369
917 31 207
776 36 463
433 48 404
522 47 380
474 4 82
757 45 324
282 24 269
308 22 496
200 32 38
638 39 438
118 42 428
54 7 155
49 43 77
991 26 170
269 20 266
720 22 356
556 15 57
211 26 241
204 8 233
340 45 345
65 39 444
288 44 262
993 38 343
529 1 334
507 44 20
811 20 460
23 3 164
626 46 281
969 40 3
515 10 396
244 11 109
406 9 466
889 43 51
572 36 256
133 3 95
992 24 350
204 1 183
769 43 203
259 14 193
103 45 11
352 44 62
580 22 160
165 19 468
65 46 366
212 47 141
650 10 358
961 41 145
314 50 260
558 16 168
695 29 54
216 40 473
417 15 28
530 34 200
313 29 348
733 6 173
577 7 279
167 7 23
87 12 256
586 12 267
5 39 71
443 50 97
633 22 400
184 33 274
45 25 477
568 16 372
683 21 487
808 43 354
950 28 69
699 7 29
515 24 6
963 18 276
943 26 492
536 21 367
569 17 492
434 41 410
439 5 201
932 42 288
957 45 97
891 43 218
154 18 26
800 5 397
284 39 91
897 33 342
835 1 162
30 45 370
157 43 460
919 44 200
564 15 207
883 33 72
432 15 215
57 8 243
768 45 114
824 29 32
749 38 86
847 21 230
554 16 480
285 16 490
537 9 482
503 3 480
208 6 24
732 29 478
357 47 246
837 13 138
1000 47 299
158 41 123
520 33 130
538 21 334
315 1 355
605 6 154
941 34 104
174 27 97
583 21 344
567 3 174
639 14 77
292 17 120
334 28 262
235 15 146
24 37 302
41 15 372
157 13 164
482 20 11
817 14 242
448 9 243
136 2 339
972 5 32
91 11 216
469 40 311
986 17 201
957 32 236
747 6 475
172 21 6
976 40 148
619 15 220
476 29 97
94 15 207
333 41 400
998 49 327
438 50 250
743 43 165
625 7 77
267 31 487
20 26 41
903 20 402
347 11 296
110 23 353
67 50 468
659 9 284
583 45 177
795 15 64
406 7 242
56 32 112
25 34 397
57 23 115
678 35 481
291 34 292
856 17 89
691 13 194
294 45 24
375 26 291
862 50 198
506 35 371
525 1 83
773 17 387
396 13 349
812 35 198
420 29 281
913 25 123
931 46 151
834 14 62
455 12 243
119 2 71
806 48 303
42 32 75
87 22 174
290 44 405
972 8 200
305 1 287
685 1 352
676 48 350
665 50 322
155 13 489
915 30 473
535 22 118
341 44 25
371 33 457
301 35 372
823 49 329
116 35 177
16 35 84
716 9 417
297 48 276
253 14 397
355 10 107
250 30 77
877 49 24
831 50 446
986 50 32
641 14 466
332 29 305
286 6 424
73 22 85
742 28 38
229 44 194
701 34 324
997 29 211
363 25 111
410 35 214
420 11 18
629 9 423
705 2 488
602 36 444
832 26 2
944 17 308
187 17 394
3 1 257
554 47 146
556 9 364
31 26 363
382 21 490
569 8 34
537 21 412
128 12 444
71 36 280
57 31 300
73 49 251
663 19 279
176 29 243
262 25 3
115 47 311
783 4 310
160 50 119
906 7 56
868 2 312
879 42 199
669 29 472
706 43 256
642 36 330
594 35 354
692 50 172
728 20 12
574 44 278
194 25 182
425 1 156
457 36 452
676 23 32
739 25 373
408 49 136
199 18 195
553 7 73
411 33 25
94 2 448
258 9 217
720 12 272
326 21 391
420 12 48
872 39 45
50 16 480
207 4 351
754 7 207
572 7 454
810 18 189
475 26 275
428 1 183
715 26 381
17 41 183
687 32 242
620 37 97
625 44 40
107 7 336
610 45 357
3 27 229
819 39 56
918 39 32
484 12 292
749 32 130
527 26 321
988 34 479
189 27 43
185 37 16
718 13 320
709 23 32
370 33 67
74 40 98
715 15 9
627 8 114
754 1 216
581 21 348
660 32 434
674 42 189
703 43 26
303 27 329
637 47 412
522 1 216
759 23 292
146 45 79
628 33 240
460 47 149
698 44 63
828 16 304
543 47 276
46 6 101
749 16 63
781 40 203
290 12 473
500 36 368
124 31 319
531 2 177
710 37 40
996 1 317
438 3 474
923 14 222
749 32 88
901 14 248
459 50 269
30 5 493
88 22 231
348 30 353
760 8 459
197 43 128
297 8 314
820 12 312
522 36 492
107 50 276
477 17 307
312 10 386
384 4 274
711 1 473
18 4 330
616 26 262
203 18 81
259 50 125
463 12 259
861 45 409
704 15 156
515 40 320
490 48 450
889 10 475
182 48 34
261 27 229
723 24 78
960 16 8
27 50 148
97 16 120
245 32 1
220 39 30
431 2 91
262 5 436
310 31 202
872 1 134
628 37 266
762 30 151
869 48 32
916 50 247
981 47 116
675 30 377
633 50 327
65 38 57
435 48 300
926 2 126
817 40 261
913 37 184
54 18 405
875 29 445
781 23 298
229 13 56
832 41 469
764 5 398
508 35 177
107 30 325
21 50 95
129 36 123
80 34 451
947 29 49
166 39 61
761 28 139
469 45 170
942 35 382
869 12 113
14 44 176
832 27 243
451 19 127
354 23 479
733 41 403
650 14 90
959 10 350
51 29 372
378 38 362
67 11 87
975 2 272
762 21 494
604 11 390
748 13 322
387 21 233
872 18 155
738 47 427
6 39 376
730 42 414
224 32 221
738 26 14
655 41 157
358 22 393
742 7 32
794 38 462
931 5 414
451 35 157
477 1 404
821 32 407
648 7 27
896 6 32
103 46 314
915 50 183
162 14 146
689 20 34
678 17 117
389 39 379
85 45 59
48 27 2
529 16 466
92 20 362
2 35 324
839 36 336
819 28 468
549 25 253
145 44 150
475 50 122
357 15 307
235 34 452
717 37 190
176 36 188
715 47 328
658 47 208
470 47 342
796 36 48
964 35 486
436 17 166
496 45 135
779 20 267
450 13 436
105 46 484
553 40 180
925 4 227
521 26 55
248 28 312
856 41 182
358 12 65
676 40 300
164 42 422
450 27 19
987 14 119
227 44 451
309 46 26
863 42 9
317 46 487
232 24 67
413 3 119
58 7 99
525 34 62
416 11 252
35 36 71
478 44 495
755 37 337
135 5 247
519 34 456
52 19 184
860 11 62
980 34 21
659 40 8
657 50 343
30 24 355
747 13 212
963 33 290
165 43 261
346 12 347
352 38 120
608 24 424
775 7 27
710 8 278
552 28 165
727 43 118
509 4 94
237 35 116
564 50 242
729 11 429
520 8 119
237 21 430
191 18 121
879 16 484
84 12 327
204 24 278
990 34 119
4 13 472
229 22 384
759 40 101
542 11 329
254 10 210
766 25 430
439 20 106
729 29 124
187 21 108
740 23 30
33 19 349
386 18 193
165 39 17
192 25 70
146 31 454
544 34 256
561 35 201
682 39 18
925 31 352
934 2 451
25 22 225
265 49 411
801 3 483
592 14 137
436 13 16
280 33 253
523 36 134
866 45 453
127 35 404
651 47 216
332 17 22
802 4 420
668 46 260
95 14 388
999 4 432
174 28 418
843 29 238
944 24 62
915 39 373
960 4 33
248 43 345
676 28 351
513 7 45
69 3 357
587 28 252
326 21 99
586 5 278
292 46 465
214 25 123
813 36 435
814 19 199
131 23 50
527 30 60
299 10 108
4 37 229
420 5 274
907 49 302
523 2 240
978 23 242
183 22 196
275 34 246
962 32 424
794 21 457
345 47 347
629 49 94
855 17 52
585 15 378
210 42 402
2 29 384
389 8 343
684 4 87
156 22 370
103 26 323
598 45 307
568 34 356
982 49 355
786 33 201
2 29 316
484 20 23
424 4 61
500 22 181
845 26 357
143 38 484
833 34 411
253 22 439
87 41 164
849 39 101
660 32 134
137 18 107
862 45 92
640 26 90
256 9 468
741 22 200
999 6 269
985 41 48
846 16 100
69 5 147
241 7 108
791 42 228
245 42 266
750 7 275
235 13 49
132 50 155
410 32 424
75 9 138
340 43 301
443 8 44
851 11 399
222 35 22
9 37 125
559 23 351
449 39 413
317 35 307
773 3 401
74 17 469
133 20 365
719 3 491
241 50 79
381 6 345
275 9 205
769 2 144
411 38 464
520 31 94
603 31 244
890 9 8
988 26 281
749 20 203
822 1 326
967 4 326
954 47 27
407 41 252
757 49 189
36 22 157
60 36 16
226 28 254
541 36 258
504 24 311
204 43 37
958 3 311
118 34 118
451 41 101
839 23 326
204 19 112
739 9 453
551 48 438
137 30 434
421 32 76
43 17 220
784 29 50
397 16 29
515 32 466
918 48 70
881 11 96
704 4 132
381 27 242
315 31 448
765 40 203
469 22 346
35 42 329
261 36 370
807 47 351
445 34 473
651 2 268
861 46 351
351 47 372
549 23 476
887 1 236
274 22 222
370 47 466
386 15 205
301 7 272
853 40 427
132 32 156
184 44 475
570 46 142
81 18 232
428 32 405
974 48 61
666 1 208
512 48 292
172 19 220
134 41 122
927 7 55
200 42 375
173 43 388
713 18 161
908 47 403
283 3 236
875 19 382
536 45 130
447 14 147
38 17 392
842 46 63
662 40 187
88 2 387
841 50 376
292 19 214
818 8 489
233 25 448
772 15 306
485 28 229
16 2 326
580 8 11
419 40 466
710 28 4
344 49 20
74 17 470
88 25 144
810 46 184
646 30 289
310 39 197
702 26 334
433 24 111
657 25 466
62 19 441
157 23 206
815 14 259
865 41 67
850 33 87
761 42 305
832 33 419
720 10 76
107 28 320
317 43 204
538 15 117
81 38 65
946 49 437
13 29 149
519 36 273
574 24 479
956 22 123
656 49 91
598 49 179
764 45 163
750 24 136
404 29 72
388 13 237
850 19 338
330 49 8
435 32 367
524 34 456
759 33 375
821 27 427
882 18 141
625 49 494
634 5 301
603 28 100
3 31 300
892 2 121
412 13 117
961 33 292
136 22 486
799 37 27
592 22 175
589 24 30
591 38 125
461 44 118
939 27 114
893 20 130
189 10 397
715 41 66
710 13 274
203 12 136
602 40 169
471 16 297
97 23 38
657 16 243
499 37 439
651 28 291
283 4 119
341 8 68
535 8 354
631 32 445
413 27 442
963 33 202
1 19 409
857 38 84
965 31 239
250 6 271
11 2 16
481 23 19
550 41 147
462 18 329
44 12 108
333 38 158
589 7 493
929 40 419
832 31 241
702 44 249
991 41 478
813 6 434
956 40 261
429 8 401
614 13 26
74 39 153
549 48 152
878 27 241
219 29 47
967 4 477
806 2 141
967 20 230
839 24 84
216 28 173
295 41 392
85 2 329
962 31 19
324 1 258
389 9 158
972 27 155
357 11 125
16 18 63
516 40 340
337 39 184
187 34 346
405 41 142
528 48 69
734 27 136
563 25 249
578 24 335
803 27 342
265 10 434
289 41 2
334 43 418
896 36 183
489 32 278
266 44 304
